cache_eviction_policy,cache_size,gib_missed,cost
FIFO,10,10717.5171,214.58034199999997
FIFO,20,10234.6602,205.15320400000002
FIFO,30,9673.9977,194.169954
FIFO,40,4569.8403,92.316806
FIFO,50,2716.1777,55.473554
FIFO,60,2556.1755,52.50351
FIFO,70,2556.1755,52.733509999999995
FIFO,80,2556.1755,52.96351
FIFO,90,2556.1755,53.193509999999996
FIFO,100,2556.1755,53.42350999999999
FIFO,110,2556.1755,53.65351
FIFO,120,2556.1755,53.883509999999994
FIFO,130,2556.1755,54.11351
FIFO,140,2556.1755,54.343509999999995
FIFO,150,2556.1755,54.57351
FIFO,160,2556.1755,54.803509999999996
FIFO,170,2556.1755,55.03350999999999
FIFO,180,2556.1755,55.26351
FIFO,190,2556.1755,55.49350999999999
FIFO,200,2556.1755,55.72351
LRU,10,11100.3099,222.236198
LRU,20,10452.369,209.50738
LRU,30,10012.77,200.9454
LRU,40,5260.6749,106.133498
LRU,50,2847.9718,58.109435999999995
LRU,60,2556.1755,52.50351
LRU,70,2556.1755,52.733509999999995
LRU,80,2556.1755,52.96351
LRU,90,2556.1755,53.193509999999996
LRU,100,2556.1755,53.42350999999999
LRU,110,2556.1755,53.65351
LRU,120,2556.1755,53.883509999999994
LRU,130,2556.1755,54.11351
LRU,140,2556.1755,54.343509999999995
LRU,150,2556.1755,54.57351
LRU,160,2556.1755,54.803509999999996
LRU,170,2556.1755,55.03350999999999
LRU,180,2556.1755,55.26351
LRU,190,2556.1755,55.49350999999999
LRU,200,2556.1794,55.723588
Clock,10,11289.8584,226.027168
Clock,20,10700.6497,214.472994
Clock,30,10180.6445,204.30289000000002
Clock,40,5434.393,109.60786
Clock,50,3524.2824,71.635648
Clock,60,3729.5134,75.97026799999999
Clock,70,3452.5766,70.661532
Clock,80,3364.8294,69.136588
Clock,90,3079.1243,63.652486
Clock,100,3030.5641,62.911282
Clock,110,2815.9227,58.848454000000004
Clock,120,3024.3581,63.247161999999996
Clock,130,2912.8713,61.247426
Clock,140,2876.4946,60.749892
Clock,150,2559.8337,54.646674000000004
Clock,160,2880.02,61.2804
Clock,170,2883.1199,61.57239800000001
Clock,180,2787.4039,59.888078
Clock,190,2782.362,60.01724
Clock,200,2601.0436,56.620872
LFU,10,12889.2835,258.01567
LFU,20,12889.2836,258.245672
LFU,30,12889.3073,258.476146
LFU,40,12889.3104,258.706208
LFU,50,12889.3104,258.93620799999997
LFU,60,12889.3104,259.166208
LFU,70,12889.3104,259.396208
LFU,80,12889.3104,259.62620799999996
LFU,90,12889.3104,259.856208
LFU,100,12889.3255,260.08651000000003
LFU,110,12889.2988,260.315976
LFU,120,12889.3104,260.546208
LFU,130,12889.3105,260.77621
LFU,140,12889.3105,261.00621
LFU,150,12889.3992,261.237984
LFU,160,12889.3098,261.466196
LFU,170,12889.3104,261.696208
LFU,180,12889.3106,261.926212
LFU,190,12889.3631,262.157262
LFU,200,12889.2987,262.38597400000003
ARC,10,12269.51,245.6202
ARC,20,11311.3532,226.687064
ARC,30,10648.0271,213.650542
ARC,40,6899.2534,138.90506799999997
ARC,50,5296.6193,107.08238600000001
ARC,60,5112.214,103.62428
ARC,70,5112.4961,103.85992200000001
ARC,80,5112.4608,104.08921600000001
ARC,90,5112.3893,104.317786
ARC,100,5112.3604,104.547208
ARC,110,5112.2726,104.775452
ARC,120,5112.2073,105.004146
ARC,130,5112.1543,105.233086
ARC,140,5112.0822,105.46164399999999
ARC,150,5111.9681,105.689362
ARC,160,5111.9038,105.91807600000001
ARC,170,5111.841,106.14682
ARC,180,5111.7362,106.37472400000001
ARC,190,5111.6697,106.60339400000001
ARC,200,5111.6215,106.83243
TwoQ,10,11345.5018,227.14003599999998
TwoQ,20,10617.6137,212.812274
TwoQ,30,10169.8614,204.087228
TwoQ,40,9193.7593,184.79518599999997
TwoQ,50,6192.1042,124.992084
TwoQ,60,2556.1755,52.50351
TwoQ,70,2556.1755,52.733509999999995
TwoQ,80,2556.1755,52.96351
TwoQ,90,2556.1755,53.193509999999996
TwoQ,100,2556.1755,53.42350999999999
TwoQ,110,2556.1755,53.65351
TwoQ,120,2556.1755,53.883509999999994
TwoQ,130,2556.1755,54.11351
TwoQ,140,2556.176,54.34352
TwoQ,150,2556.176,54.57352
TwoQ,160,2556.176,54.80352
TwoQ,170,2556.176,55.033519999999996
TwoQ,180,2556.176,55.26352
TwoQ,190,2556.176,55.49352
TwoQ,200,2556.176,55.72352
Hyperbolic,10,11204.4369,224.318738
Hyperbolic,20,10322.6594,206.91318800000002
Hyperbolic,30,9243.0522,185.551044
Hyperbolic,40,6490.7556,130.735112
Hyperbolic,50,3961.1201,80.37240200000001
Hyperbolic,60,2672.6444,54.832888000000004
Hyperbolic,70,2571.22,53.0344
Hyperbolic,80,2563.3398,53.106796
Hyperbolic,90,2560.3894,53.277788
Hyperbolic,100,2557.8998,53.457996
Hyperbolic,110,2556.6495,53.66299
Hyperbolic,120,2556.362,53.88724
Hyperbolic,130,2556.1755,54.11351
Hyperbolic,140,2556.1755,54.343509999999995
Hyperbolic,150,2556.1755,54.57351
Hyperbolic,160,2556.1755,54.803509999999996
Hyperbolic,170,2556.1755,55.03350999999999
Hyperbolic,180,2556.1755,55.26351
Hyperbolic,190,2556.1755,55.49350999999999
Hyperbolic,200,2556.1794,55.723588
LHD,10,10745.3937,215.137874
LHD,20,7753.4229,155.528458
LHD,30,5684.2167,114.374334
LHD,40,3503.2216,70.984432
LHD,50,2686.8691,54.887381999999995
LHD,60,2576.9615,52.91923
LHD,70,2561.7144,52.844288
LHD,80,2558.0964,53.00192799999999
LHD,90,2556.9593,53.209186
LHD,100,2556.5465,53.43093
LHD,110,2556.3356,53.656712
LHD,120,2556.2809,53.885618
LHD,130,2556.2536,54.115072000000005
LHD,140,2556.2184,54.344368
LHD,150,2556.2262,54.574524000000004
LHD,160,2556.1715,54.80343
LHD,170,2556.1953,55.033906
LHD,180,2556.2145,55.26429
LHD,190,2556.2184,55.494368
LHD,200,2556.1716,55.723432
