cache_eviction_policy,cache_size,gib_missed,cost
FIFO,1000,14903.9414,1364.354726
FIFO,2000,14760.1707,1374.415363
FIFO,3000,14686.5679,1390.791111
FIFO,4000,14619.8708,1407.788372
FIFO,5000,14586.8091,1427.812819
FIFO,6000,14556.8985,1448.1208649999999
FIFO,7000,14514.0109,1467.260981
FIFO,8000,14486.5771,1487.791939
FIFO,9000,14445.4979,1507.094811
FIFO,10000,14406.8271,1526.614439
FIFO,11000,14386.6397,1547.7975729999998
FIFO,12000,14371.8271,1569.464439
LRU,1000,14893.4393,1363.409537
LRU,2000,14746.7187,1373.204683
LRU,3000,14672.7101,1389.543909
LRU,4000,14609.4114,1406.8470260000001
LRU,5000,14568.176,1426.13584
LRU,6000,14538.4917,1446.464253
LRU,7000,14497.6412,1465.787708
LRU,8000,14462.602,1485.63418
LRU,9000,14430.582,1505.75238
LRU,10000,14387.3519,1524.861671
LRU,11000,14370.153,1546.31377
LRU,12000,14358.4425,1568.2598249999999
Clock,1000,14891.5832,1363.2424879999999
Clock,2000,14738.8241,1372.4941689999998
Clock,3000,14664.2497,1388.782473
Clock,4000,14593.6345,1405.427105
Clock,5000,14541.2892,1423.7160279999998
Clock,6000,14507.8098,1443.702882
Clock,7000,14471.5741,1463.441669
Clock,8000,14440.8259,1483.674331
Clock,9000,14409.9657,1503.896913
Clock,10000,14371.1785,1523.406065
Clock,11000,14355.3402,1544.980618
Clock,12000,14344.9845,1567.048605
LFU,1000,15902.1828,1454.196452
LFU,2000,15094.703,1404.52327
LFU,3000,14756.4452,1397.080068
LFU,4000,14616.0793,1407.4471369999999
LFU,5000,14549.2422,1424.431798
LFU,6000,14500.5788,1443.052092
LFU,7000,14462.821,1462.65389
LFU,8000,14434.125,1483.07125
LFU,9000,14407.2074,1503.6486659999998
LFU,10000,14377.7243,1523.995187
LFU,11000,14345.4783,1544.093047
LFU,12000,14323.0788,1565.077092
ARC,1000,15631.9666,1429.876994
ARC,2000,15236.3508,1417.2715719999999
ARC,3000,14737.3277,1395.359493
ARC,4000,14604.7315,1406.425835
ARC,5000,14544.2855,1423.9856949999999
ARC,6000,14497.4712,1442.772408
ARC,7000,14460.6696,1462.4602639999998
ARC,8000,14432.5532,1482.929788
ARC,9000,14404.927,1503.44343
ARC,10000,14374.8233,1523.734097
ARC,11000,14346.6105,1544.194945
ARC,12000,14322.0441,1564.983969
TwoQ,1000,14905.0708,1364.4563719999999
TwoQ,2000,14745.257,1373.07313
TwoQ,3000,14677.631,1389.98679
TwoQ,4000,14617.472,1407.57248
TwoQ,5000,14582.2185,1427.3996650000001
TwoQ,6000,14547.4382,1447.269438
TwoQ,7000,14509.3943,1466.845487
TwoQ,8000,14475.9694,1486.837246
TwoQ,9000,14435.3205,1506.178845
TwoQ,10000,14388.768,1524.98912
TwoQ,11000,14368.6132,1546.175188
TwoQ,12000,14355.9696,1568.037264
Hyperbolic,1000,14910.6683,1364.960147
Hyperbolic,2000,14758.5535,1374.2698149999999
Hyperbolic,3000,14670.9674,1389.387066
Hyperbolic,4000,14611.8382,1407.0654379999999
Hyperbolic,5000,14562.5326,1425.627934
Hyperbolic,6000,14512.3605,1444.112445
Hyperbolic,7000,14481.1785,1464.306065
Hyperbolic,8000,14456.6307,1485.096763
Hyperbolic,9000,14432.1464,1505.8931759999998
Hyperbolic,10000,14409.6627,1526.869643
Hyperbolic,11000,14389.3517,1548.041653
Hyperbolic,12000,14354.8545,1567.9369049999998
LHD,1000,14964.6439,1369.8179509999998
LHD,2000,14824.7124,1380.224116
LHD,3000,14743.4583,1395.911247
LHD,4000,14702.2977,1415.2067929999998
LHD,5000,14658.5704,1434.271336
LHD,6000,14631.0672,1454.796048
LHD,7000,14605.2154,1475.469386
LHD,8000,14581.5202,1496.336818
LHD,9000,14567.8644,1518.107796
LHD,10000,14550.3735,1539.5336149999998
LHD,11000,14538.8777,1561.498993
LHD,12000,14517.739,1582.5965099999999
