cache_eviction_policy,cache_size,gib_missed,cost
FIFO,3000,1624.1119,101.482238
FIFO,3100,1551.0908,102.321816
FIFO,3200,1476.2237,103.12447399999999
FIFO,3300,1390.1635,103.70327
FIFO,3400,1292.3247,104.046494
FIFO,3500,1196.3451,104.426902
FIFO,3600,1105.6989,104.913978
FIFO,3700,1019.1842,105.483684
FIFO,3800,946.5238,106.33047599999999
FIFO,3900,886.2077,107.424154
FIFO,4000,836.2705,108.72541
FIFO,4100,803.4023,110.36804599999999
FIFO,4200,788.518,112.37035999999999
FIFO,4300,787.4713,114.64942599999999
FIFO,4400,787.4713,116.949426
FIFO,4500,787.4713,119.249426
LRU,3000,1311.7909,95.235818
LRU,3100,1238.252,96.06504
LRU,3200,1164.7651,96.895302
LRU,3300,1094.5887,97.791774
LRU,3400,1029.2183,98.784366
LRU,3500,973.1683,99.96336600000001
LRU,3600,921.6598,101.23319599999999
LRU,3700,880.5661,102.711322
LRU,3800,848.2607,104.365214
LRU,3900,822.6763,106.153526
LRU,4000,804.2657,108.085314
LRU,4100,792.7621,110.155242
LRU,4200,787.7464,112.354928
LRU,4300,787.4713,114.64942599999999
LRU,4400,787.4713,116.949426
LRU,4500,787.4713,119.249426
Clock,3000,1255.5561,94.111122
Clock,3100,1188.5917,95.071834
Clock,3200,1128.4987,96.169974
Clock,3300,1071.6384,97.33276800000002
Clock,3400,1012.7467,98.45493400000001
Clock,3500,962.3941,99.747882
Clock,3600,915.5793,101.111586
Clock,3700,877.6992,102.653984
Clock,3800,846.8405,104.33680999999999
Clock,3900,822.8743,106.157486
Clock,4000,805.1036,108.10207199999999
Clock,4100,792.9761,110.159522
Clock,4200,787.7664,112.355328
Clock,4300,787.4713,114.64942599999999
Clock,4400,787.4713,116.949426
Clock,4500,787.4713,119.249426
LFU,3000,1235.0269,93.700538
LFU,3100,1181.7213,94.934426
LFU,3200,1126.6268,96.13253599999999
LFU,3300,1071.6384,97.33276800000002
LFU,3400,1012.7467,98.45493400000001
LFU,3500,962.3941,99.747882
LFU,3600,915.5793,101.111586
LFU,3700,877.6992,102.653984
LFU,3800,846.8405,104.33680999999999
LFU,3900,822.8743,106.157486
LFU,4000,805.1036,108.10207199999999
LFU,4100,792.9761,110.159522
LFU,4200,787.7664,112.355328
LFU,4300,787.4713,114.64942599999999
LFU,4400,787.4713,116.949426
LFU,4500,787.4713,119.249426
ARC,3000,1232.1056,93.642112
ARC,3100,1180.8267,94.916534
ARC,3200,1126.5131,96.13026199999999
ARC,3300,1071.6384,97.33276800000002
ARC,3400,1012.7467,98.45493400000001
ARC,3500,962.3941,99.747882
ARC,3600,915.5793,101.111586
ARC,3700,877.6992,102.653984
ARC,3800,846.8405,104.33680999999999
ARC,3900,822.8743,106.157486
ARC,4000,805.1036,108.10207199999999
ARC,4100,792.9761,110.159522
ARC,4200,787.7664,112.355328
ARC,4300,787.4713,114.64942599999999
ARC,4400,787.4713,116.949426
ARC,4500,787.4713,119.249426
TwoQ,3000,1624.1119,101.482238
TwoQ,3100,1551.0908,102.321816
TwoQ,3200,1476.2237,103.12447399999999
TwoQ,3300,1390.1635,103.70327
TwoQ,3400,1292.3247,104.046494
TwoQ,3500,1196.3451,104.426902
TwoQ,3600,1105.6989,104.913978
TwoQ,3700,1019.1842,105.483684
TwoQ,3800,946.5238,106.33047599999999
TwoQ,3900,886.2077,107.424154
TwoQ,4000,836.2705,108.72541
TwoQ,4100,803.4023,110.36804599999999
TwoQ,4200,788.518,112.37035999999999
TwoQ,4300,787.4713,114.64942599999999
TwoQ,4400,787.4713,116.949426
TwoQ,4500,787.4713,119.249426
Hyperbolic,3000,1274.0597,94.481194
Hyperbolic,3100,1209.9729,95.499458
Hyperbolic,3200,1148.2516,96.565032
Hyperbolic,3300,1087.7958,97.655916
Hyperbolic,3400,1027.7614,98.755228
Hyperbolic,3500,970.6916,99.913832
Hyperbolic,3600,920.555,101.2111
Hyperbolic,3700,879.4155,102.68831
Hyperbolic,3800,847.4847,104.349694
Hyperbolic,3900,822.7948,106.155896
Hyperbolic,4000,804.917,108.09834000000001
Hyperbolic,4100,793.0542,110.161084
Hyperbolic,4200,787.8169,112.356338
Hyperbolic,4300,787.4713,114.64942599999999
Hyperbolic,4400,787.4713,116.949426
Hyperbolic,4500,787.4713,119.249426
