cache_eviction_policy,cache_size,gib_missed,cost
FIFO,1000,416.8206,31.336412000000003
FIFO,1100,368.3841,32.667682
FIFO,1200,319.2323,33.984646
FIFO,1300,270.4043,35.308085999999996
FIFO,1400,222.0146,36.640292
FIFO,1500,177.3747,38.047494
FIFO,1600,133.712,39.474239999999995
FIFO,1700,88.2495,40.86499
FIFO,1800,42.4752,42.249504
FIFO,1900,11.1419,43.922838
FIFO,2000,9.9,46.198
LRU,1000,381.7656,30.635312
LRU,1100,326.5759,31.831518000000003
LRU,1200,286.2746,33.325492
LRU,1300,229.5718,34.491436
LRU,1400,197.0888,36.141776
LRU,1500,128.6177,37.072354
LRU,1600,111.2607,39.025214
LRU,1700,54.4039,40.188078000000004
LRU,1800,10.9618,41.619236
LRU,1900,10.0477,43.900954
LRU,2000,9.8877,46.197754
Clock,1000,235.5539,27.711078
Clock,1100,176.6696,28.833392
Clock,1200,123.2428,30.064856
Clock,1300,72.7437,31.354874
Clock,1400,19.4571,32.589142
Clock,1500,11.4246,34.728492
Clock,1600,10.7257,37.014514
Clock,1700,10.2814,39.305628
Clock,1800,10.1404,41.602807999999996
Clock,1900,10.0221,43.900442
Clock,2000,9.9321,46.198642
LFU,1000,4202.2617,107.04523400000001
LFU,1100,4201.9207,109.33841399999999
LFU,1200,4202.7522,111.65504399999999
LFU,1300,4202.2237,113.94447399999999
LFU,1400,4202.1507,116.243014
LFU,1500,4201.9672,118.539344
LFU,1600,4202.2278,120.844556
LFU,1700,4202.3281,123.14656199999999
LFU,1800,4202.112,125.44224
LFU,1900,4202.3104,127.746208
LFU,2000,4201.6589,130.03317800000002
ARC,1000,2532.8442,73.65688399999999
ARC,1100,2531.9923,75.939846
ARC,1200,2531.9568,78.239136
ARC,1300,2531.8106,80.536212
ARC,1400,2531.8424,82.836848
ARC,1500,2531.5602,85.131204
ARC,1600,2531.5527,87.431054
ARC,1700,2531.2733,89.725466
ARC,1800,2531.2428,92.024856
ARC,1900,2531.1948,94.32389599999999
ARC,2000,2531.0337,96.62067400000001
TwoQ,1000,579.0899,34.581798
TwoQ,1100,541.8083,36.136166
TwoQ,1200,503.1129,37.662257999999994
TwoQ,1300,458.821,39.07642
TwoQ,1400,394.2373,40.084746
TwoQ,1500,310.531,40.71062
TwoQ,1600,224.0025,41.280049999999996
TwoQ,1700,142.5702,41.951404000000004
TwoQ,1800,64.5127,42.690253999999996
TwoQ,1900,11.1652,43.923303999999995
TwoQ,2000,9.8659,46.197318
Hyperbolic,1000,185.4453,26.708906
Hyperbolic,1100,97.7986,27.255972
Hyperbolic,1200,64.2703,28.885405999999996
Hyperbolic,1300,39.9483,30.698966
Hyperbolic,1400,24.541,32.69082
Hyperbolic,1500,16.6675,34.83335
Hyperbolic,1600,13.3866,37.067732
Hyperbolic,1700,11.8957,39.337914000000005
Hyperbolic,1800,11.2297,41.624594
Hyperbolic,1900,10.8291,43.916582
Hyperbolic,2000,10.5426,46.210852
LHD,1000,139.5887,25.791774
LHD,1100,101.509,27.330180000000002
LHD,1200,69.9593,28.999185999999998
LHD,1300,47.7274,30.854547999999998
LHD,1400,33.7068,32.874136
LHD,1500,23.39,34.9678
LHD,1600,18.6103,37.172205999999996
LHD,1700,20.2784,39.505568000000004
LHD,1800,18.4909,41.769818
LHD,1900,13.5244,43.970487999999996
LHD,2000,15.6074,46.312148
