cache_eviction_policy,cache_size,gib_missed,cost
FIFO,30000,4169.1345,1065.222105
FIFO,31000,4166.5482,1087.9893379999999
FIFO,32000,4147.7734,1109.299606
FIFO,33000,4131.6726,1130.850534
FIFO,34000,4098.0142,1150.821278
FIFO,35000,4102.7788,1174.250092
FIFO,36000,4061.5918,1193.5432620000001
FIFO,37000,3987.8594,1209.907346
FIFO,38000,3891.477,1224.23293
FIFO,39000,3800.755,1239.06795
FIFO,40000,3697.3362,1252.760258
FIFO,41000,3589.8681,1266.088129
FIFO,42000,3444.3241,1275.989169
FIFO,43000,3286.4479,1284.780311
FIFO,44000,2948.6875,1277.381875
FIFO,45000,2191.2349,1232.211141
FIFO,46000,2244.3612,1259.992508
FIFO,47000,2315.462,1289.39158
FIFO,48000,2227.0053,1304.4304769999999
FIFO,49000,2165.7123,1321.914107
FIFO,50000,2129.1464,1341.623176
FIFO,51000,2112.8115,1363.153035
FIFO,52000,2095.2808,1384.575272
FIFO,53000,2073.8298,1405.644682
FIFO,54000,2051.9897,1426.679073
FIFO,55000,2038.3362,1448.450258
FIFO,56000,2029.2042,1470.6283779999999
FIFO,57000,2018.3472,1492.651248
FIFO,58000,2005.4814,1514.493326
FIFO,59000,1992.7257,1536.345313
FIFO,60000,1969.9769,1557.2979209999999
LRU,30000,4222.6021,1070.034189
LRU,31000,4214.0177,1092.261593
LRU,32000,4147.1587,1109.244283
LRU,33000,4119.7133,1129.774197
LRU,34000,4098.6768,1150.880912
LRU,35000,4054.3065,1169.887585
LRU,36000,3978.5416,1186.068744
LRU,37000,3941.0751,1205.696759
LRU,38000,3838.05,1219.4245
LRU,39000,3748.0017,1234.320153
LRU,40000,3678.3294,1251.049646
LRU,41000,3585.2868,1265.675812
LRU,42000,3547.1358,1285.2422219999999
LRU,43000,3460.909,1300.48181
LRU,44000,3312.6277,1310.136493
LRU,45000,3148.0909,1318.328181
LRU,46000,2867.1143,1316.040287
LRU,47000,3215.2383,1370.371447
LRU,48000,3087.4057,1381.866513
LRU,49000,2992.7614,1396.348526
LRU,50000,2882.2397,1409.401573
LRU,51000,2687.2486,1414.852374
LRU,52000,2448.4617,1416.361553
LRU,53000,2255.2538,1421.972842
LRU,54000,2172.3466,1437.511194
LRU,55000,2121.3066,1455.917594
LRU,56000,2079.6434,1475.167906
LRU,57000,2056.8758,1496.118822
LRU,58000,2020.1442,1515.812978
LRU,59000,1921.032,1529.8928799999999
LRU,60000,1912.7228,1552.145052
Clock,30000,4065.7067,1055.913603
Clock,31000,3992.8361,1072.355249
Clock,32000,3953.8852,1091.849668
Clock,33000,3912.1036,1111.089324
Clock,34000,3885.7808,1131.720272
Clock,35000,3871.5896,1153.443064
Clock,36000,3844.0525,1173.964725
Clock,37000,3812.5775,1194.131975
Clock,38000,3769.5667,1213.261003
Clock,39000,3741.4438,1233.729942
Clock,40000,3718.9354,1254.704186
Clock,41000,3676.8067,1273.912603
Clock,42000,3603.8677,1290.348093
Clock,43000,3508.4609,1304.761481
Clock,44000,3426.0808,1320.347272
Clock,45000,3273.1592,1329.584328
Clock,46000,2933.7731,1322.039579
Clock,47000,3232.8797,1371.959173
Clock,48000,3125.5787,1385.302083
Clock,49000,3019.8549,1398.7869409999998
Clock,50000,2911.2183,1412.0096469999999
Clock,51000,2742.8832,1419.859488
Clock,52000,2511.1174,1422.000566
Clock,53000,2290.2466,1425.122194
Clock,54000,2172.9944,1437.569496
Clock,55000,2121.5147,1455.936323
Clock,56000,2079.6726,1475.1705339999999
Clock,57000,2057.181,1496.14629
Clock,58000,2020.4846,1515.843614
Clock,59000,1921.1699,1529.905291
Clock,60000,1912.783,1552.15047
LFU,30000,3972.7858,1047.550722
LFU,31000,3951.6019,1068.644171
LFU,32000,3941.57,1090.7413000000001
LFU,33000,3929.169,1112.62521
LFU,34000,3915.6756,1134.410804
LFU,35000,3910.0776,1156.906984
LFU,36000,3893.0142,1178.371278
LFU,37000,3862.9777,1198.667993
LFU,38000,3813.4323,1217.208907
LFU,39000,3767.2836,1236.0555239999999
LFU,40000,3733.7454,1256.037086
LFU,41000,3677.5796,1273.982164
LFU,42000,3603.8677,1290.348093
LFU,43000,3508.4609,1304.761481
LFU,44000,3426.0808,1320.347272
LFU,45000,3273.1592,1329.584328
LFU,46000,2933.7731,1322.039579
LFU,47000,3232.8797,1371.959173
LFU,48000,3125.5787,1385.302083
LFU,49000,3019.8549,1398.7869409999998
LFU,50000,2911.2183,1412.0096469999999
LFU,51000,2742.8832,1419.859488
LFU,52000,2511.1174,1422.000566
LFU,53000,2290.2466,1425.122194
LFU,54000,2172.9944,1437.569496
LFU,55000,2121.5147,1455.936323
LFU,56000,2079.6726,1475.1705339999999
LFU,57000,2057.181,1496.14629
LFU,58000,2020.4846,1515.843614
LFU,59000,1921.1699,1529.905291
LFU,60000,1912.783,1552.15047
ARC,30000,3976.8982,1047.920838
ARC,31000,3963.6316,1069.726844
ARC,32000,3953.8496,1091.846464
ARC,33000,3942.0379,1113.783411
ARC,34000,3928.5252,1135.567268
ARC,35000,3919.0327,1157.712943
ARC,36000,3901.613,1179.14517
ARC,37000,3863.7438,1198.736942
ARC,38000,3813.7324,1217.235916
ARC,39000,3767.3578,1236.062202
ARC,40000,3733.7479,1256.037311
ARC,41000,3677.5796,1273.982164
ARC,42000,3603.8677,1290.348093
ARC,43000,3508.4609,1304.761481
ARC,44000,3426.0808,1320.347272
ARC,45000,3273.1592,1329.584328
ARC,46000,2933.7731,1322.039579
ARC,47000,3232.8797,1371.959173
ARC,48000,3125.5787,1385.302083
ARC,49000,3019.8549,1398.7869409999998
ARC,50000,2911.2183,1412.0096469999999
ARC,51000,2742.8832,1419.859488
ARC,52000,2511.1174,1422.000566
ARC,53000,2290.2466,1425.122194
ARC,54000,2172.9944,1437.569496
ARC,55000,2121.5147,1455.936323
ARC,56000,2079.6726,1475.1705339999999
ARC,57000,2057.181,1496.14629
ARC,58000,2020.4846,1515.843614
ARC,59000,1921.1699,1529.905291
ARC,60000,1912.783,1552.15047
TwoQ,30000,4177.5001,1065.975009
TwoQ,31000,4171.1558,1088.4040220000002
TwoQ,32000,4149.9996,1109.499964
TwoQ,33000,4131.7663,1130.8589670000001
TwoQ,34000,4098.0142,1150.821278
TwoQ,35000,4102.7827,1174.250443
TwoQ,36000,4061.5918,1193.5432620000001
TwoQ,37000,3987.8594,1209.907346
TwoQ,38000,3891.477,1224.23293
TwoQ,39000,3800.755,1239.06795
TwoQ,40000,3697.3362,1252.760258
TwoQ,41000,3589.8681,1266.088129
TwoQ,42000,3444.3241,1275.989169
TwoQ,43000,3286.4479,1284.780311
TwoQ,44000,2948.6875,1277.381875
TwoQ,45000,2191.2349,1232.211141
TwoQ,46000,2244.3612,1259.992508
TwoQ,47000,2315.462,1289.39158
TwoQ,48000,2227.0053,1304.4304769999999
TwoQ,49000,2165.7123,1321.914107
TwoQ,50000,2129.1464,1341.623176
TwoQ,51000,2112.8115,1363.153035
TwoQ,52000,2095.2808,1384.575272
TwoQ,53000,2073.8298,1405.644682
TwoQ,54000,2051.9897,1426.679073
TwoQ,55000,2038.3362,1448.450258
TwoQ,56000,2029.2042,1470.6283779999999
TwoQ,57000,2018.3472,1492.651248
TwoQ,58000,2005.4814,1514.493326
TwoQ,59000,1992.7257,1536.345313
TwoQ,60000,1969.9769,1557.2979209999999
Hyperbolic,30000,3894.9088,1040.541792
Hyperbolic,31000,3851.1085,1059.599765
Hyperbolic,32000,3806.0453,1078.544077
Hyperbolic,33000,3758.2309,1097.240781
Hyperbolic,34000,3706.5979,1115.593811
Hyperbolic,35000,3653.568,1133.82112
Hyperbolic,36000,3604.2772,1152.384948
Hyperbolic,37000,3557.1997,1171.147973
Hyperbolic,38000,3508.9281,1189.803529
Hyperbolic,39000,3461.1618,1208.504562
Hyperbolic,40000,3412.1053,1227.089477
Hyperbolic,41000,3360.5225,1245.447025
Hyperbolic,42000,3307.0425,1263.633825
Hyperbolic,43000,3245.3962,1281.085658
Hyperbolic,44000,3169.9445,1297.295005
Hyperbolic,45000,3097.5701,1313.781309
Hyperbolic,46000,2998.0488,1327.824392
Hyperbolic,47000,2949.0538,1346.4148420000001
Hyperbolic,48000,3096.0448,1382.644032
Hyperbolic,49000,3014.9767,1398.347903
Hyperbolic,50000,2921.0285,1412.892565
Hyperbolic,51000,2805.0478,1425.454302
Hyperbolic,52000,2665.4056,1435.886504
Hyperbolic,53000,2504.5137,1444.406233
Hyperbolic,54000,2341.3801,1452.724209
Hyperbolic,55000,2205.7075,1463.513675
Hyperbolic,56000,2116.2344,1478.461096
Hyperbolic,57000,2054.6798,1495.921182
Hyperbolic,58000,1997.6791,1513.791119
Hyperbolic,59000,1920.1648,1529.814832
Hyperbolic,60000,1911.3459,1552.021131
LHD,30000,3717.0227,1024.532043
LHD,31000,3621.46,1038.9314
LHD,32000,3555.5888,1056.002992
LHD,33000,3509.8907,1074.890163
LHD,34000,3434.1423,1091.072807
LHD,35000,3394.5953,1110.513577
LHD,36000,3310.6474,1125.958266
LHD,37000,3276.3403,1145.870627
LHD,38000,3220.1516,1163.813644
LHD,39000,3181.0582,1183.295238
LHD,40000,3043.5569,1193.920121
LHD,41000,3055.8237,1218.024133
LHD,42000,2931.5288,1229.8375919999999
LHD,43000,2902.1091,1250.189819
LHD,44000,2772.2508,1261.5025719999999
LHD,45000,2719.9441,1279.794969
LHD,46000,2703.452,1301.31068
LHD,47000,2698.4759,1323.862831
LHD,48000,2640.3057,1341.627513
LHD,49000,2577.6684,1358.990156
LHD,50000,2502.6507,1375.2385629999999
LHD,51000,2435.0521,1392.154689
LHD,52000,2342.1783,1406.796047
LHD,53000,2274.0051,1423.660459
LHD,54000,2223.7225,1442.135025
LHD,55000,2170.255,1460.32295
LHD,56000,2119.1624,1478.724616
LHD,57000,2062.6306,1496.636754
LHD,58000,2018.574,1515.67166
LHD,59000,1974.387,1534.69483
LHD,60000,1952.0542,1555.684878
