FIFO, 1000, 4634277, 0.1302, 1077.4900, 119.9741
FIFO, 1100, 4634277, 0.1189, 979.3855, 113.4447
FIFO, 1200, 4634277, 0.1072, 879.4943, 106.7545
FIFO, 1300, 4634277, 0.0948, 778.4215, 99.9579
FIFO, 1400, 4634277, 0.0829, 679.1082, 93.3197
FIFO, 1500, 4634277, 0.0717, 587.6883, 87.3919
FIFO, 1600, 4634277, 0.0607, 498.9284, 81.7036
FIFO, 1700, 4634277, 0.0496, 408.1401, 75.8326
FIFO, 1800, 4634277, 0.0386, 319.4324, 70.1489
FIFO, 1900, 4634277, 0.0310, 256.9047, 66.8214
FIFO, 2000, 4634277, 0.0301, 253.5942, 68.8235
LRU, 1000, 4634277, 0.1214, 1010.2735, 113.9246
LRU, 1100, 4634277, 0.1105, 896.3011, 105.9671
LRU, 1200, 4634277, 0.0973, 813.6092, 100.8248
LRU, 1300, 4634277, 0.0853, 696.2525, 92.5627
LRU, 1400, 4634277, 0.0743, 626.8121, 88.6131
LRU, 1500, 4634277, 0.0593, 489.0601, 78.5154
LRU, 1600, 4634277, 0.0558, 453.4822, 77.6134
LRU, 1700, 4634277, 0.0444, 337.3079, 69.4577
LRU, 1800, 4634277, 0.0314, 255.1387, 64.3625
LRU, 1900, 4634277, 0.0300, 254.0409, 66.5637
LRU, 2000, 4634277, 0.0300, 253.6589, 68.8293
Clock, 1000, 4634277, 0.0859, 706.6052, 86.5945
Clock, 1100, 4634277, 0.0712, 585.3088, 77.9778
Clock, 1200, 4634277, 0.0571, 470.9920, 69.9893
Clock, 1300, 4634277, 0.0433, 359.1293, 62.2216
Clock, 1400, 4634277, 0.0320, 268.4959, 56.3646
Clock, 1500, 4634277, 0.0303, 257.1380, 57.6424
Clock, 1600, 4634277, 0.0294, 256.0492, 59.8444
Clock, 1700, 4634277, 0.0289, 255.1862, 62.0668
Clock, 1800, 4634277, 0.0288, 254.8361, 64.3352
Clock, 1900, 4634277, 0.0288, 254.4669, 66.6020
Clock, 2000, 4634277, 0.0288, 254.2012, 68.8781
LFU, 1000, 4634277, 0.7984, 7939.9047, 737.5914
LFU, 1100, 4634277, 0.7785, 7765.4279, 724.1885
LFU, 1200, 4634277, 0.7611, 7599.0785, 711.5171
LFU, 1300, 4634277, 0.7435, 7428.9752, 698.5078
LFU, 1400, 4634277, 0.7258, 7257.7579, 685.3982
LFU, 1500, 4634277, 0.7083, 7088.2991, 672.4469
LFU, 1600, 4634277, 0.6914, 6922.9439, 659.8650
LFU, 1700, 4634277, 0.6757, 6765.4102, 647.9869
LFU, 1800, 4634277, 0.6571, 6600.0363, 635.4033
LFU, 1900, 4634277, 0.6383, 6427.3150, 622.1583
LFU, 2000, 4634277, 0.6204, 6261.4303, 609.5287
ARC, 1000, 4634277, 0.4691, 5035.0824, 476.1574
ARC, 1100, 4634277, 0.4587, 4941.3172, 470.0185
ARC, 1200, 4634277, 0.4486, 4835.2329, 462.7710
ARC, 1300, 4634277, 0.4386, 4732.1733, 455.7956
ARC, 1400, 4634277, 0.4289, 4631.2284, 449.0106
ARC, 1500, 4634277, 0.4196, 4534.3169, 442.5885
ARC, 1600, 4634277, 0.4105, 4435.7046, 436.0134
ARC, 1700, 4634277, 0.4011, 4334.2640, 429.1838
ARC, 1800, 4634277, 0.3920, 4238.5043, 422.8654
ARC, 1900, 4634277, 0.3832, 4146.6345, 416.8971
ARC, 2000, 4634277, 0.3731, 4039.2893, 409.5360
TwoQ, 1000, 4634277, 0.1513, 1280.4020, 138.2362
TwoQ, 1100, 4634277, 0.1420, 1195.8059, 132.9225
TwoQ, 1200, 4634277, 0.1324, 1108.1346, 127.3321
TwoQ, 1300, 4634277, 0.1216, 1011.0812, 120.8973
TwoQ, 1400, 4634277, 0.1076, 886.8508, 112.0166
TwoQ, 1500, 4634277, 0.0909, 747.0481, 101.7343
TwoQ, 1600, 4634277, 0.0738, 607.0962, 91.4387
TwoQ, 1700, 4634277, 0.0572, 472.1909, 81.5972
TwoQ, 1800, 4634277, 0.0417, 345.3936, 72.4854
TwoQ, 1900, 4634277, 0.0311, 256.9690, 66.8272
TwoQ, 2000, 4634277, 0.0301, 253.5601, 68.8204
Hyperbolic, 1000, 4634277, 0.0735, 595.9333, 76.6340
Hyperbolic, 1100, 4634277, 0.0517, 414.1015, 62.5691
Hyperbolic, 1200, 4634277, 0.0436, 349.9105, 59.0919
Hyperbolic, 1300, 4634277, 0.0375, 304.1604, 57.2744
Hyperbolic, 1400, 4634277, 0.0336, 277.4790, 57.1731
Hyperbolic, 1500, 4634277, 0.0314, 264.8496, 58.3365
Hyperbolic, 1600, 4634277, 0.0303, 259.7063, 60.1736
Hyperbolic, 1700, 4634277, 0.0297, 257.5620, 62.2806
Hyperbolic, 1800, 4634277, 0.0294, 256.6372, 64.4974
Hyperbolic, 1900, 4634277, 0.0292, 256.0849, 66.7476
Hyperbolic, 2000, 4634277, 0.0290, 255.6076, 69.0047
LHD, 1000, 4634277, 0.0563, 556.4328, 73.0789
LHD, 1100, 4634277, 0.0517, 492.1874, 69.5969
LHD, 1200, 4634277, 0.0481, 442.2971, 67.4067
LHD, 1300, 4634277, 0.0449, 405.5400, 66.3986
LHD, 1400, 4634277, 0.0428, 379.1687, 66.3252
LHD, 1500, 4634277, 0.0409, 361.6101, 67.0449
LHD, 1600, 4634277, 0.0394, 346.1909, 67.9572
LHD, 1700, 4634277, 0.0387, 337.7244, 69.4952
LHD, 1800, 4634277, 0.0376, 326.9614, 70.8265
LHD, 1900, 4634277, 0.0358, 314.0526, 71.9647
LHD, 2000, 4634277, 0.0347, 307.0600, 73.6354
