FIFO, 30000, 20954247, 0.4228, 33953.4894, 3745.8141
FIFO, 31000, 20954247, 0.4178, 33542.9550, 3731.8660
FIFO, 32000, 20954247, 0.4148, 33295.3559, 3732.5820
FIFO, 33000, 20954247, 0.4119, 33065.8031, 3734.9223
FIFO, 34000, 20954247, 0.4111, 33003.6447, 3752.3280
FIFO, 35000, 20954247, 0.4081, 32761.1152, 3753.5004
FIFO, 36000, 20954247, 0.4055, 32546.4857, 3757.1837
FIFO, 37000, 20954247, 0.4032, 32369.7621, 3764.2786
FIFO, 38000, 20954247, 0.4006, 32154.5091, 3767.9058
FIFO, 39000, 20954247, 0.3974, 31899.1229, 3767.9211
FIFO, 40000, 20954247, 0.3949, 31698.0373, 3772.8234
FIFO, 41000, 20954247, 0.3927, 31520.6605, 3779.8594
FIFO, 42000, 20954247, 0.3898, 31289.5658, 3782.0609
FIFO, 43000, 20954247, 0.3855, 30936.7170, 3773.3045
FIFO, 44000, 20954247, 0.3789, 30406.3445, 3748.5710
FIFO, 45000, 20954247, 0.3526, 28259.0441, 3578.3140
FIFO, 46000, 20954247, 0.3353, 26849.7995, 3474.4820
FIFO, 47000, 20954247, 0.3312, 26511.9244, 3467.0732
FIFO, 48000, 20954247, 0.3308, 26476.6852, 3486.9017
FIFO, 49000, 20954247, 0.3304, 26450.4264, 3507.5384
FIFO, 50000, 20954247, 0.3303, 26441.0288, 3529.6926
FIFO, 51000, 20954247, 0.3303, 26440.8803, 3552.6792
FIFO, 52000, 20954247, 0.3303, 26440.8523, 3575.6767
FIFO, 53000, 20954247, 0.3303, 26440.8523, 3598.6767
FIFO, 54000, 20954247, 0.3303, 26440.8523, 3621.6767
FIFO, 55000, 20954247, 0.3303, 26440.8523, 3644.6767
FIFO, 56000, 20954247, 0.3303, 26440.8523, 3667.6767
FIFO, 57000, 20954247, 0.3303, 26440.8523, 3690.6767
FIFO, 58000, 20954247, 0.3303, 26440.8523, 3713.6767
FIFO, 59000, 20954247, 0.3303, 26440.8523, 3736.6767
FIFO, 60000, 20954247, 0.3303, 26440.8523, 3759.6767
LRU, 30000, 20954247, 0.3991, 32015.8633, 3571.4277
LRU, 31000, 20954247, 0.3976, 31896.5821, 3583.6924
LRU, 32000, 20954247, 0.3965, 31804.9593, 3598.4463
LRU, 33000, 20954247, 0.3948, 31662.2528, 3608.6028
LRU, 34000, 20954247, 0.3940, 31605.5393, 3626.4985
LRU, 35000, 20954247, 0.3938, 31588.6036, 3647.9743
LRU, 36000, 20954247, 0.3935, 31562.6222, 3668.6360
LRU, 37000, 20954247, 0.3925, 31484.6415, 3684.6177
LRU, 38000, 20954247, 0.3905, 31324.2075, 3693.1787
LRU, 39000, 20954247, 0.3884, 31156.4926, 3701.0843
LRU, 40000, 20954247, 0.3864, 31000.8102, 3710.0729
LRU, 41000, 20954247, 0.3853, 30908.2909, 3724.7462
LRU, 42000, 20954247, 0.3829, 30717.6319, 3730.5869
LRU, 43000, 20954247, 0.3802, 30503.9296, 3734.3537
LRU, 44000, 20954247, 0.3758, 30144.1412, 3724.9727
LRU, 45000, 20954247, 0.3607, 28916.2670, 3637.4640
LRU, 46000, 20954247, 0.3437, 27529.1341, 3535.6221
LRU, 47000, 20954247, 0.3321, 26583.2049, 3473.4884
LRU, 48000, 20954247, 0.3314, 26527.7340, 3491.4961
LRU, 49000, 20954247, 0.3305, 26453.0007, 3507.7701
LRU, 50000, 20954247, 0.3303, 26441.4291, 3529.7286
LRU, 51000, 20954247, 0.3303, 26440.8948, 3552.6805
LRU, 52000, 20954247, 0.3303, 26440.8523, 3575.6767
LRU, 53000, 20954247, 0.3303, 26440.8523, 3598.6767
LRU, 54000, 20954247, 0.3303, 26440.8523, 3621.6767
LRU, 55000, 20954247, 0.3303, 26440.8523, 3644.6767
LRU, 56000, 20954247, 0.3303, 26440.8523, 3667.6767
LRU, 57000, 20954247, 0.3303, 26440.8523, 3690.6767
LRU, 58000, 20954247, 0.3303, 26440.8523, 3713.6767
LRU, 59000, 20954247, 0.3303, 26440.8523, 3736.6767
LRU, 60000, 20954247, 0.3303, 26440.8523, 3759.6767
Clock, 30000, 20954247, 0.3789, 30370.2304, 3423.3207
Clock, 31000, 20954247, 0.3780, 30296.3518, 3439.6717
Clock, 32000, 20954247, 0.3774, 30253.6078, 3458.8247
Clock, 33000, 20954247, 0.3771, 30226.5046, 3479.3854
Clock, 34000, 20954247, 0.3768, 30198.2721, 3499.8445
Clock, 35000, 20954247, 0.3764, 30170.4093, 3520.3368
Clock, 36000, 20954247, 0.3763, 30159.7500, 3542.3775
Clock, 37000, 20954247, 0.3757, 30111.9635, 3561.0767
Clock, 38000, 20954247, 0.3749, 30048.8673, 3578.3981
Clock, 39000, 20954247, 0.3726, 29866.9457, 3585.0251
Clock, 40000, 20954247, 0.3710, 29739.2650, 3596.5339
Clock, 41000, 20954247, 0.3697, 29640.6141, 3610.6553
Clock, 42000, 20954247, 0.3676, 29474.3763, 3618.6939
Clock, 43000, 20954247, 0.3652, 29274.3138, 3623.6882
Clock, 44000, 20954247, 0.3614, 28969.9574, 3619.2962
Clock, 45000, 20954247, 0.3551, 28453.9342, 3595.8541
Clock, 46000, 20954247, 0.3429, 27460.4097, 3529.4369
Clock, 47000, 20954247, 0.3321, 26583.6362, 3473.5273
Clock, 48000, 20954247, 0.3314, 26527.7613, 3491.4985
Clock, 49000, 20954247, 0.3305, 26453.9859, 3507.8587
Clock, 50000, 20954247, 0.3303, 26441.4291, 3529.7286
Clock, 51000, 20954247, 0.3303, 26440.8948, 3552.6805
Clock, 52000, 20954247, 0.3303, 26440.8523, 3575.6767
Clock, 53000, 20954247, 0.3303, 26440.8523, 3598.6767
Clock, 54000, 20954247, 0.3303, 26440.8523, 3621.6767
Clock, 55000, 20954247, 0.3303, 26440.8523, 3644.6767
Clock, 56000, 20954247, 0.3303, 26440.8523, 3667.6767
Clock, 57000, 20954247, 0.3303, 26440.8523, 3690.6767
Clock, 58000, 20954247, 0.3303, 26440.8523, 3713.6767
Clock, 59000, 20954247, 0.3303, 26440.8523, 3736.6767
Clock, 60000, 20954247, 0.3303, 26440.8523, 3759.6767
LFU, 30000, 20954247, 0.3789, 30370.4764, 3423.3429
LFU, 31000, 20954247, 0.3780, 30299.0270, 3439.9124
LFU, 32000, 20954247, 0.3774, 30253.6078, 3458.8247
LFU, 33000, 20954247, 0.3771, 30226.5046, 3479.3854
LFU, 34000, 20954247, 0.3768, 30198.2721, 3499.8445
LFU, 35000, 20954247, 0.3764, 30170.4093, 3520.3368
LFU, 36000, 20954247, 0.3763, 30159.7500, 3542.3775
LFU, 37000, 20954247, 0.3757, 30111.9635, 3561.0767
LFU, 38000, 20954247, 0.3749, 30048.8673, 3578.3981
LFU, 39000, 20954247, 0.3726, 29866.9457, 3585.0251
LFU, 40000, 20954247, 0.3710, 29739.2650, 3596.5339
LFU, 41000, 20954247, 0.3697, 29640.6141, 3610.6553
LFU, 42000, 20954247, 0.3676, 29474.3763, 3618.6939
LFU, 43000, 20954247, 0.3652, 29274.3138, 3623.6882
LFU, 44000, 20954247, 0.3614, 28969.9574, 3619.2962
LFU, 45000, 20954247, 0.3551, 28453.9342, 3595.8541
LFU, 46000, 20954247, 0.3429, 27460.4097, 3529.4369
LFU, 47000, 20954247, 0.3321, 26583.6362, 3473.5273
LFU, 48000, 20954247, 0.3314, 26527.7613, 3491.4985
LFU, 49000, 20954247, 0.3305, 26453.9859, 3507.8587
LFU, 50000, 20954247, 0.3303, 26441.4291, 3529.7286
LFU, 51000, 20954247, 0.3303, 26440.8948, 3552.6805
LFU, 52000, 20954247, 0.3303, 26440.8523, 3575.6767
LFU, 53000, 20954247, 0.3303, 26440.8523, 3598.6767
LFU, 54000, 20954247, 0.3303, 26440.8523, 3621.6767
LFU, 55000, 20954247, 0.3303, 26440.8523, 3644.6767
LFU, 56000, 20954247, 0.3303, 26440.8523, 3667.6767
LFU, 57000, 20954247, 0.3303, 26440.8523, 3690.6767
LFU, 58000, 20954247, 0.3303, 26440.8523, 3713.6767
LFU, 59000, 20954247, 0.3303, 26440.8523, 3736.6767
LFU, 60000, 20954247, 0.3303, 26440.8523, 3759.6767
ARC, 30000, 20954247, 0.3789, 30370.2209, 3423.3199
ARC, 31000, 20954247, 0.3780, 30299.5306, 3439.9578
ARC, 32000, 20954247, 0.3774, 30253.6078, 3458.8247
ARC, 33000, 20954247, 0.3771, 30226.5046, 3479.3854
ARC, 34000, 20954247, 0.3768, 30198.2721, 3499.8445
ARC, 35000, 20954247, 0.3764, 30170.4093, 3520.3368
ARC, 36000, 20954247, 0.3763, 30159.7500, 3542.3775
ARC, 37000, 20954247, 0.3757, 30111.9635, 3561.0767
ARC, 38000, 20954247, 0.3749, 30048.8673, 3578.3981
ARC, 39000, 20954247, 0.3726, 29866.9457, 3585.0251
ARC, 40000, 20954247, 0.3710, 29739.2650, 3596.5339
ARC, 41000, 20954247, 0.3697, 29640.6141, 3610.6553
ARC, 42000, 20954247, 0.3676, 29474.3763, 3618.6939
ARC, 43000, 20954247, 0.3652, 29274.3138, 3623.6882
ARC, 44000, 20954247, 0.3614, 28969.9574, 3619.2962
ARC, 45000, 20954247, 0.3551, 28453.9342, 3595.8541
ARC, 46000, 20954247, 0.3429, 27460.4097, 3529.4369
ARC, 47000, 20954247, 0.3321, 26583.6362, 3473.5273
ARC, 48000, 20954247, 0.3314, 26527.7613, 3491.4985
ARC, 49000, 20954247, 0.3305, 26453.9859, 3507.8587
ARC, 50000, 20954247, 0.3303, 26441.4291, 3529.7286
ARC, 51000, 20954247, 0.3303, 26440.8948, 3552.6805
ARC, 52000, 20954247, 0.3303, 26440.8523, 3575.6767
ARC, 53000, 20954247, 0.3303, 26440.8523, 3598.6767
ARC, 54000, 20954247, 0.3303, 26440.8523, 3621.6767
ARC, 55000, 20954247, 0.3303, 26440.8523, 3644.6767
ARC, 56000, 20954247, 0.3303, 26440.8523, 3667.6767
ARC, 57000, 20954247, 0.3303, 26440.8523, 3690.6767
ARC, 58000, 20954247, 0.3303, 26440.8523, 3713.6767
ARC, 59000, 20954247, 0.3303, 26440.8523, 3736.6767
ARC, 60000, 20954247, 0.3303, 26440.8523, 3759.6767
TwoQ, 30000, 20954247, 0.4228, 33953.4894, 3745.8141
TwoQ, 31000, 20954247, 0.4178, 33542.9550, 3731.8660
TwoQ, 32000, 20954247, 0.4148, 33295.3559, 3732.5820
TwoQ, 33000, 20954247, 0.4119, 33065.8031, 3734.9223
TwoQ, 34000, 20954247, 0.4111, 33003.6447, 3752.3280
TwoQ, 35000, 20954247, 0.4081, 32761.1152, 3753.5004
TwoQ, 36000, 20954247, 0.4055, 32546.4857, 3757.1837
TwoQ, 37000, 20954247, 0.4032, 32369.7621, 3764.2786
TwoQ, 38000, 20954247, 0.4006, 32154.5091, 3767.9058
TwoQ, 39000, 20954247, 0.3974, 31899.1229, 3767.9211
TwoQ, 40000, 20954247, 0.3949, 31698.0373, 3772.8234
TwoQ, 41000, 20954247, 0.3927, 31520.6605, 3779.8594
TwoQ, 42000, 20954247, 0.3898, 31289.5658, 3782.0609
TwoQ, 43000, 20954247, 0.3855, 30936.7170, 3773.3045
TwoQ, 44000, 20954247, 0.3789, 30406.3445, 3748.5710
TwoQ, 45000, 20954247, 0.3526, 28259.0441, 3578.3140
TwoQ, 46000, 20954247, 0.3353, 26849.7995, 3474.4820
TwoQ, 47000, 20954247, 0.3312, 26511.9244, 3467.0732
TwoQ, 48000, 20954247, 0.3308, 26476.6852, 3486.9017
TwoQ, 49000, 20954247, 0.3304, 26450.4264, 3507.5384
TwoQ, 50000, 20954247, 0.3303, 26441.0288, 3529.6926
TwoQ, 51000, 20954247, 0.3303, 26440.8803, 3552.6792
TwoQ, 52000, 20954247, 0.3303, 26440.8523, 3575.6767
TwoQ, 53000, 20954247, 0.3303, 26440.8523, 3598.6767
TwoQ, 54000, 20954247, 0.3303, 26440.8523, 3621.6767
TwoQ, 55000, 20954247, 0.3303, 26440.8523, 3644.6767
TwoQ, 56000, 20954247, 0.3303, 26440.8523, 3667.6767
TwoQ, 57000, 20954247, 0.3303, 26440.8523, 3690.6767
TwoQ, 58000, 20954247, 0.3303, 26440.8523, 3713.6767
TwoQ, 59000, 20954247, 0.3303, 26440.8523, 3736.6767
TwoQ, 60000, 20954247, 0.3303, 26440.8523, 3759.6767
Hyperbolic, 30000, 20954247, 0.3766, 30184.4228, 3406.5980
Hyperbolic, 31000, 20954247, 0.3730, 29890.8834, 3403.1795
Hyperbolic, 32000, 20954247, 0.3704, 29682.1913, 3407.3972
Hyperbolic, 33000, 20954247, 0.3686, 29534.4995, 3417.1050
Hyperbolic, 34000, 20954247, 0.3671, 29419.6160, 3429.7654
Hyperbolic, 35000, 20954247, 0.3659, 29315.5930, 3443.4034
Hyperbolic, 36000, 20954247, 0.3646, 29213.8166, 3457.2435
Hyperbolic, 37000, 20954247, 0.3634, 29115.9588, 3471.4363
Hyperbolic, 38000, 20954247, 0.3622, 29021.4107, 3485.9270
Hyperbolic, 39000, 20954247, 0.3611, 28930.3262, 3500.7294
Hyperbolic, 40000, 20954247, 0.3599, 28839.4477, 3515.5503
Hyperbolic, 41000, 20954247, 0.3588, 28743.9458, 3529.9551
Hyperbolic, 42000, 20954247, 0.3573, 28630.3475, 3542.7313
Hyperbolic, 43000, 20954247, 0.3556, 28485.3540, 3552.6819
Hyperbolic, 44000, 20954247, 0.3529, 28267.3697, 3556.0633
Hyperbolic, 45000, 20954247, 0.3483, 27895.3884, 3545.5850
Hyperbolic, 46000, 20954247, 0.3434, 27499.1708, 3532.9254
Hyperbolic, 47000, 20954247, 0.3359, 26889.6661, 3501.0699
Hyperbolic, 48000, 20954247, 0.3315, 26536.3701, 3492.2733
Hyperbolic, 49000, 20954247, 0.3307, 26469.2094, 3509.2288
Hyperbolic, 50000, 20954247, 0.3303, 26443.3815, 3529.9043
Hyperbolic, 51000, 20954247, 0.3303, 26440.9088, 3552.6818
Hyperbolic, 52000, 20954247, 0.3303, 26440.8523, 3575.6767
Hyperbolic, 53000, 20954247, 0.3303, 26440.8523, 3598.6767
Hyperbolic, 54000, 20954247, 0.3303, 26440.8523, 3621.6767
Hyperbolic, 55000, 20954247, 0.3303, 26440.8523, 3644.6767
Hyperbolic, 56000, 20954247, 0.3303, 26440.8523, 3667.6767
Hyperbolic, 57000, 20954247, 0.3303, 26440.8523, 3690.6767
Hyperbolic, 58000, 20954247, 0.3303, 26440.8523, 3713.6767
Hyperbolic, 59000, 20954247, 0.3303, 26440.8523, 3736.6767
Hyperbolic, 60000, 20954247, 0.3303, 26440.8523, 3759.6767
LHD, 30000, 20954247, 0.4089, 32840.6459, 3645.6581
LHD, 31000, 20954247, 0.4021, 32286.3176, 3618.7686
LHD, 32000, 20954247, 0.3952, 31716.3671, 3590.4730
LHD, 33000, 20954247, 0.3897, 31273.6928, 3573.6324
LHD, 34000, 20954247, 0.3843, 30831.7414, 3556.8567
LHD, 35000, 20954247, 0.3811, 30570.2344, 3556.3211
LHD, 36000, 20954247, 0.3777, 30298.2826, 3554.8454
LHD, 37000, 20954247, 0.3732, 29932.8341, 3544.9551
LHD, 38000, 20954247, 0.3696, 29635.5923, 3541.2033
LHD, 39000, 20954247, 0.3652, 29281.3848, 3532.3246
LHD, 40000, 20954247, 0.3610, 28938.0696, 3524.4263
LHD, 41000, 20954247, 0.3567, 28587.5833, 3515.8825
LHD, 42000, 20954247, 0.3521, 28212.2203, 3505.0998
LHD, 43000, 20954247, 0.3483, 27909.6497, 3500.8685
LHD, 44000, 20954247, 0.3452, 27651.3773, 3500.6240
LHD, 45000, 20954247, 0.3402, 27245.4024, 3487.0862
LHD, 46000, 20954247, 0.3362, 26921.7582, 3480.9582
LHD, 47000, 20954247, 0.3325, 26620.5602, 3476.8504
LHD, 48000, 20954247, 0.3312, 26508.9018, 3489.8012
LHD, 49000, 20954247, 0.3306, 26466.7771, 3509.0099
LHD, 50000, 20954247, 0.3304, 26447.9236, 3530.3131
LHD, 51000, 20954247, 0.3303, 26443.3957, 3552.9056
LHD, 52000, 20954247, 0.3303, 26441.0359, 3575.6932
LHD, 53000, 20954247, 0.3303, 26440.8523, 3598.6767
LHD, 54000, 20954247, 0.3303, 26440.8523, 3621.6767
LHD, 55000, 20954247, 0.3303, 26440.8523, 3644.6767
LHD, 56000, 20954247, 0.3303, 26440.8523, 3667.6767
LHD, 57000, 20954247, 0.3303, 26440.8523, 3690.6767
LHD, 58000, 20954247, 0.3303, 26440.8523, 3713.6767
LHD, 59000, 20954247, 0.3303, 26440.8523, 3736.6767
LHD, 60000, 20954247, 0.3303, 26440.8523, 3759.6767
