FIFO, 3000, 98495382, 0.5101, 3401.4303, 375.1287
FIFO, 3100, 98495382, 0.5069, 3371.6624, 374.7496
FIFO, 3200, 98495382, 0.5045, 3348.3347, 374.9501
FIFO, 3300, 98495382, 0.5030, 3333.2988, 375.8969
FIFO, 3400, 98495382, 0.5024, 3327.7645, 377.6988
FIFO, 3500, 98495382, 0.5024, 3327.7325, 379.9959
FIFO, 3600, 98495382, 0.5024, 3327.7325, 382.2959
FIFO, 3700, 98495382, 0.5024, 3327.7325, 384.5959
FIFO, 3800, 98495382, 0.5024, 3327.7325, 386.8959
FIFO, 3900, 98495382, 0.5024, 3327.7325, 389.1959
FIFO, 4000, 98495382, 0.5024, 3327.7325, 391.4959
FIFO, 4100, 98495382, 0.5024, 3327.7325, 393.7959
FIFO, 4200, 98495382, 0.5024, 3327.7325, 396.0959
FIFO, 4300, 98495382, 0.5024, 3327.7325, 398.3959
FIFO, 4400, 98495382, 0.5024, 3327.7325, 400.6959
FIFO, 4500, 98495382, 0.5024, 3327.7325, 402.9959
LRU, 3000, 98495382, 0.5091, 3370.3365, 372.3303
LRU, 3100, 98495382, 0.5062, 3352.0721, 372.9865
LRU, 3200, 98495382, 0.5041, 3338.7136, 374.0842
LRU, 3300, 98495382, 0.5029, 3330.5091, 375.6458
LRU, 3400, 98495382, 0.5024, 3327.7408, 377.6967
LRU, 3500, 98495382, 0.5024, 3327.7325, 379.9959
LRU, 3600, 98495382, 0.5024, 3327.7325, 382.2959
LRU, 3700, 98495382, 0.5024, 3327.7325, 384.5959
LRU, 3800, 98495382, 0.5024, 3327.7325, 386.8959
LRU, 3900, 98495382, 0.5024, 3327.7325, 389.1959
LRU, 4000, 98495382, 0.5024, 3327.7325, 391.4959
LRU, 4100, 98495382, 0.5024, 3327.7325, 393.7959
LRU, 4200, 98495382, 0.5024, 3327.7325, 396.0959
LRU, 4300, 98495382, 0.5024, 3327.7325, 398.3959
LRU, 4400, 98495382, 0.5024, 3327.7325, 400.6959
LRU, 4500, 98495382, 0.5024, 3327.7325, 402.9959
Clock, 3000, 98495382, 0.5093, 3370.6027, 372.3542
Clock, 3100, 98495382, 0.5063, 3352.3543, 373.0119
Clock, 3200, 98495382, 0.5042, 3339.0698, 374.1163
Clock, 3300, 98495382, 0.5029, 3330.6702, 375.6603
Clock, 3400, 98495382, 0.5024, 3327.7423, 377.6968
Clock, 3500, 98495382, 0.5024, 3327.7325, 379.9959
Clock, 3600, 98495382, 0.5024, 3327.7325, 382.2959
Clock, 3700, 98495382, 0.5024, 3327.7325, 384.5959
Clock, 3800, 98495382, 0.5024, 3327.7325, 386.8959
Clock, 3900, 98495382, 0.5024, 3327.7325, 389.1959
Clock, 4000, 98495382, 0.5024, 3327.7325, 391.4959
Clock, 4100, 98495382, 0.5024, 3327.7325, 393.7959
Clock, 4200, 98495382, 0.5024, 3327.7325, 396.0959
Clock, 4300, 98495382, 0.5024, 3327.7325, 398.3959
Clock, 4400, 98495382, 0.5024, 3327.7325, 400.6959
Clock, 4500, 98495382, 0.5024, 3327.7325, 402.9959
LFU, 3000, 98495382, 0.5093, 3370.6027, 372.3542
LFU, 3100, 98495382, 0.5063, 3352.3543, 373.0119
LFU, 3200, 98495382, 0.5042, 3339.0698, 374.1163
LFU, 3300, 98495382, 0.5029, 3330.6702, 375.6603
LFU, 3400, 98495382, 0.5024, 3327.7423, 377.6968
LFU, 3500, 98495382, 0.5024, 3327.7325, 379.9959
LFU, 3600, 98495382, 0.5024, 3327.7325, 382.2959
LFU, 3700, 98495382, 0.5024, 3327.7325, 384.5959
LFU, 3800, 98495382, 0.5024, 3327.7325, 386.8959
LFU, 3900, 98495382, 0.5024, 3327.7325, 389.1959
LFU, 4000, 98495382, 0.5024, 3327.7325, 391.4959
LFU, 4100, 98495382, 0.5024, 3327.7325, 393.7959
LFU, 4200, 98495382, 0.5024, 3327.7325, 396.0959
LFU, 4300, 98495382, 0.5024, 3327.7325, 398.3959
LFU, 4400, 98495382, 0.5024, 3327.7325, 400.6959
LFU, 4500, 98495382, 0.5024, 3327.7325, 402.9959
ARC, 3000, 98495382, 0.5093, 3370.6027, 372.3542
ARC, 3100, 98495382, 0.5063, 3352.3543, 373.0119
ARC, 3200, 98495382, 0.5042, 3339.0698, 374.1163
ARC, 3300, 98495382, 0.5029, 3330.6702, 375.6603
ARC, 3400, 98495382, 0.5024, 3327.7423, 377.6968
ARC, 3500, 98495382, 0.5024, 3327.7325, 379.9959
ARC, 3600, 98495382, 0.5024, 3327.7325, 382.2959
ARC, 3700, 98495382, 0.5024, 3327.7325, 384.5959
ARC, 3800, 98495382, 0.5024, 3327.7325, 386.8959
ARC, 3900, 98495382, 0.5024, 3327.7325, 389.1959
ARC, 4000, 98495382, 0.5024, 3327.7325, 391.4959
ARC, 4100, 98495382, 0.5024, 3327.7325, 393.7959
ARC, 4200, 98495382, 0.5024, 3327.7325, 396.0959
ARC, 4300, 98495382, 0.5024, 3327.7325, 398.3959
ARC, 4400, 98495382, 0.5024, 3327.7325, 400.6959
ARC, 4500, 98495382, 0.5024, 3327.7325, 402.9959
TwoQ, 3000, 98495382, 0.5101, 3401.4303, 375.1287
TwoQ, 3100, 98495382, 0.5069, 3371.6624, 374.7496
TwoQ, 3200, 98495382, 0.5045, 3348.3347, 374.9501
TwoQ, 3300, 98495382, 0.5030, 3333.2988, 375.8969
TwoQ, 3400, 98495382, 0.5024, 3327.7645, 377.6988
TwoQ, 3500, 98495382, 0.5024, 3327.7325, 379.9959
TwoQ, 3600, 98495382, 0.5024, 3327.7325, 382.2959
TwoQ, 3700, 98495382, 0.5024, 3327.7325, 384.5959
TwoQ, 3800, 98495382, 0.5024, 3327.7325, 386.8959
TwoQ, 3900, 98495382, 0.5024, 3327.7325, 389.1959
TwoQ, 4000, 98495382, 0.5024, 3327.7325, 391.4959
TwoQ, 4100, 98495382, 0.5024, 3327.7325, 393.7959
TwoQ, 4200, 98495382, 0.5024, 3327.7325, 396.0959
TwoQ, 4300, 98495382, 0.5024, 3327.7325, 398.3959
TwoQ, 4400, 98495382, 0.5024, 3327.7325, 400.6959
TwoQ, 4500, 98495382, 0.5024, 3327.7325, 402.9959
Hyperbolic, 3000, 98495382, 0.5094, 3371.2496, 372.4125
Hyperbolic, 3100, 98495382, 0.5064, 3352.3717, 373.0135
Hyperbolic, 3200, 98495382, 0.5042, 3338.9587, 374.1063
Hyperbolic, 3300, 98495382, 0.5029, 3330.7257, 375.6653
Hyperbolic, 3400, 98495382, 0.5024, 3327.7448, 377.6970
Hyperbolic, 3500, 98495382, 0.5024, 3327.7325, 379.9959
Hyperbolic, 3600, 98495382, 0.5024, 3327.7325, 382.2959
Hyperbolic, 3700, 98495382, 0.5024, 3327.7325, 384.5959
Hyperbolic, 3800, 98495382, 0.5024, 3327.7325, 386.8959
Hyperbolic, 3900, 98495382, 0.5024, 3327.7325, 389.1959
Hyperbolic, 4000, 98495382, 0.5024, 3327.7325, 391.4959
Hyperbolic, 4100, 98495382, 0.5024, 3327.7325, 393.7959
Hyperbolic, 4200, 98495382, 0.5024, 3327.7325, 396.0959
Hyperbolic, 4300, 98495382, 0.5024, 3327.7325, 398.3959
Hyperbolic, 4400, 98495382, 0.5024, 3327.7325, 400.6959
Hyperbolic, 4500, 98495382, 0.5024, 3327.7325, 402.9959
