FIFO, 10, 9315199, 0.8183, 28532.4947, 2568.1545
FIFO, 20, 9315199, 0.7665, 26729.8643, 2406.1478
FIFO, 30, 9315199, 0.7245, 25266.0195, 2274.6318
FIFO, 40, 9315199, 0.4888, 17060.9820, 1536.4084
FIFO, 50, 9315199, 0.2088, 7281.8156, 656.5134
FIFO, 60, 9315199, 0.1893, 6596.6240, 595.0762
FIFO, 70, 9315199, 0.1893, 6596.6240, 595.3062
FIFO, 80, 9315199, 0.1893, 6596.6240, 595.5362
FIFO, 90, 9315199, 0.1893, 6596.6240, 595.7662
FIFO, 100, 9315199, 0.1893, 6596.6240, 595.9962
FIFO, 110, 9315199, 0.1893, 6596.6240, 596.2262
FIFO, 120, 9315199, 0.1893, 6596.6240, 596.4562
FIFO, 130, 9315199, 0.1893, 6596.6240, 596.6862
FIFO, 140, 9315199, 0.1893, 6596.6240, 596.9162
FIFO, 150, 9315199, 0.1893, 6596.6240, 597.1462
FIFO, 160, 9315199, 0.1893, 6596.6240, 597.3762
FIFO, 170, 9315199, 0.1893, 6596.6240, 597.6062
FIFO, 180, 9315199, 0.1893, 6596.6240, 597.8362
FIFO, 190, 9315199, 0.1893, 6596.6240, 598.0662
FIFO, 200, 9315199, 0.1893, 6596.6240, 598.2962
LRU, 10, 9315199, 0.8562, 29866.8894, 2688.2500
LRU, 20, 9315199, 0.7893, 27534.6228, 2478.5761
LRU, 30, 9315199, 0.7470, 26058.0614, 2345.9155
LRU, 40, 9315199, 0.5429, 18947.3009, 1706.1771
LRU, 50, 9315199, 0.2304, 8038.4918, 724.6143
LRU, 60, 9315199, 0.1893, 6596.6240, 595.0762
LRU, 70, 9315199, 0.1893, 6596.6240, 595.3062
LRU, 80, 9315199, 0.1893, 6596.6240, 595.5362
LRU, 90, 9315199, 0.1893, 6596.6240, 595.7662
LRU, 100, 9315199, 0.1893, 6596.6240, 595.9962
LRU, 110, 9315199, 0.1893, 6596.6240, 596.2262
LRU, 120, 9315199, 0.1893, 6596.6240, 596.4562
LRU, 130, 9315199, 0.1893, 6596.6240, 596.6862
LRU, 140, 9315199, 0.1893, 6596.6240, 596.9162
LRU, 150, 9315199, 0.1893, 6596.6240, 597.1462
LRU, 160, 9315199, 0.1893, 6596.6240, 597.3762
LRU, 170, 9315199, 0.1893, 6596.6240, 597.6062
LRU, 180, 9315199, 0.1893, 6596.6240, 597.8362
LRU, 190, 9315199, 0.1893, 6596.6240, 598.0662
LRU, 200, 9315199, 0.1893, 6596.6240, 598.2962
Clock, 10, 9315199, 0.8728, 30454.2217, 2741.1100
Clock, 20, 9315199, 0.8128, 28366.9294, 2553.4836
Clock, 30, 9315199, 0.7633, 26661.9659, 2400.2669
Clock, 40, 9315199, 0.5516, 19285.4039, 1736.6063
Clock, 50, 9315199, 0.2592, 9069.8259, 817.4343
Clock, 60, 9315199, 0.2485, 8703.6267, 784.7064
Clock, 70, 9315199, 0.2528, 8849.9781, 798.1080
Clock, 80, 9315199, 0.2567, 8990.8554, 811.0170
Clock, 90, 9315199, 0.2329, 8146.7822, 735.2804
Clock, 100, 9315199, 0.2159, 7543.9613, 681.2565
Clock, 110, 9315199, 0.2152, 7519.3955, 679.2756
Clock, 120, 9315199, 0.2198, 7680.4341, 693.9991
Clock, 130, 9315199, 0.2149, 7505.7304, 678.5057
Clock, 140, 9315199, 0.2103, 7339.9673, 663.8171
Clock, 150, 9315199, 0.1913, 6668.8725, 603.6485
Clock, 160, 9315199, 0.2091, 7298.6054, 660.5545
Clock, 170, 9315199, 0.2099, 7330.4181, 663.6476
Clock, 180, 9315199, 0.2072, 7231.6620, 654.9896
Clock, 190, 9315199, 0.2000, 6978.6247, 632.4462
Clock, 200, 9315199, 0.1944, 6779.2371, 614.7313
LFU, 10, 9315199, 0.9991, 34840.7854, 3135.9007
LFU, 20, 9315199, 0.9983, 34815.1200, 3133.8208
LFU, 30, 9315199, 0.9981, 34806.5434, 3133.2789
LFU, 40, 9315199, 0.9975, 34783.6819, 3131.4514
LFU, 50, 9315199, 0.9966, 34753.7269, 3128.9854
LFU, 60, 9315199, 0.9958, 34723.6778, 3126.5110
LFU, 70, 9315199, 0.9922, 34600.5757, 3115.6618
LFU, 80, 9315199, 0.9914, 34570.4941, 3113.1845
LFU, 90, 9315199, 0.9905, 34540.4788, 3110.7131
LFU, 100, 9315199, 0.9897, 34510.4940, 3108.2445
LFU, 110, 9315199, 0.9889, 34480.8710, 3105.8084
LFU, 120, 9315199, 0.9880, 34450.5759, 3103.3118
LFU, 130, 9315199, 0.9871, 34420.5432, 3100.8389
LFU, 140, 9315199, 0.9863, 34390.4100, 3098.3569
LFU, 150, 9315199, 0.9854, 34360.1771, 3095.8659
LFU, 160, 9315199, 0.9845, 34330.4905, 3093.4241
LFU, 170, 9315199, 0.9837, 34300.5273, 3090.9575
LFU, 180, 9315199, 0.9828, 34270.5756, 3088.4918
LFU, 190, 9315199, 0.9820, 34240.5383, 3086.0184
LFU, 200, 9315199, 0.9811, 34207.9850, 3083.3187
ARC, 10, 9315199, 0.9728, 33954.4475, 3056.1303
ARC, 20, 9315199, 0.9181, 32049.4220, 2884.9080
ARC, 30, 9315199, 0.8449, 29489.9626, 2654.7866
ARC, 40, 9315199, 0.6550, 22862.7467, 2058.5672
ARC, 50, 9315199, 0.4102, 14312.2842, 1289.2556
ARC, 60, 9315199, 0.3772, 13152.5552, 1185.1100
ARC, 70, 9315199, 0.3759, 13106.2682, 1181.1741
ARC, 80, 9315199, 0.3759, 13106.2013, 1181.3981
ARC, 90, 9315199, 0.3759, 13106.1109, 1181.6200
ARC, 100, 9315199, 0.3759, 13106.0710, 1181.8464
ARC, 110, 9315199, 0.3759, 13105.9433, 1182.0649
ARC, 120, 9315199, 0.3745, 13058.4452, 1178.0201
ARC, 130, 9315199, 0.3745, 13058.3728, 1178.2436
ARC, 140, 9315199, 0.3745, 13058.2505, 1178.4625
ARC, 150, 9315199, 0.3745, 13058.1091, 1178.6798
ARC, 160, 9315199, 0.3732, 13013.4987, 1174.8949
ARC, 170, 9315199, 0.3732, 13013.3108, 1175.1080
ARC, 180, 9315199, 0.3732, 13013.0574, 1175.3152
ARC, 190, 9315199, 0.3732, 13012.8711, 1175.5284
ARC, 200, 9315199, 0.3732, 13012.1579, 1175.6942
TwoQ, 10, 9315199, 0.8697, 30365.3288, 2733.1096
TwoQ, 20, 9315199, 0.7967, 27820.3631, 2504.2927
TwoQ, 30, 9315199, 0.7566, 26408.4901, 2377.4541
TwoQ, 40, 9315199, 0.6943, 24234.9590, 2182.0663
TwoQ, 50, 9315199, 0.4900, 17132.2438, 1543.0519
TwoQ, 60, 9315199, 0.1893, 6596.6240, 595.0762
TwoQ, 70, 9315199, 0.1893, 6596.6240, 595.3062
TwoQ, 80, 9315199, 0.1893, 6596.6240, 595.5362
TwoQ, 90, 9315199, 0.1893, 6596.6240, 595.7662
TwoQ, 100, 9315199, 0.1893, 6596.6240, 595.9962
TwoQ, 110, 9315199, 0.1893, 6596.6240, 596.2262
TwoQ, 120, 9315199, 0.1893, 6596.6240, 596.4562
TwoQ, 130, 9315199, 0.1893, 6596.6240, 596.6862
TwoQ, 140, 9315199, 0.1893, 6596.6240, 596.9162
TwoQ, 150, 9315199, 0.1893, 6596.6240, 597.1462
TwoQ, 160, 9315199, 0.1893, 6596.6240, 597.3762
TwoQ, 170, 9315199, 0.1893, 6596.6240, 597.6062
TwoQ, 180, 9315199, 0.1893, 6596.6240, 597.8362
TwoQ, 190, 9315199, 0.1893, 6596.6240, 598.0662
TwoQ, 200, 9315199, 0.1893, 6596.6240, 598.2962
Hyperbolic, 10, 9315199, 0.8655, 30195.5835, 2717.8325
Hyperbolic, 20, 9315199, 0.7900, 27564.7365, 2481.2863
Hyperbolic, 30, 9315199, 0.6986, 24383.1497, 2195.1735
Hyperbolic, 40, 9315199, 0.5598, 19529.2923, 1758.5563
Hyperbolic, 50, 9315199, 0.3825, 13340.9419, 1201.8348
Hyperbolic, 60, 9315199, 0.2426, 8464.1189, 763.1507
Hyperbolic, 70, 9315199, 0.1931, 6732.6896, 607.5521
Hyperbolic, 80, 9315199, 0.1909, 6654.7281, 600.7655
Hyperbolic, 90, 9315199, 0.1900, 6623.0091, 598.1408
Hyperbolic, 100, 9315199, 0.1894, 6602.0800, 596.4872
Hyperbolic, 110, 9315199, 0.1893, 6597.5832, 596.3125
Hyperbolic, 120, 9315199, 0.1893, 6596.8967, 596.4807
Hyperbolic, 130, 9315199, 0.1893, 6596.6240, 596.6862
Hyperbolic, 140, 9315199, 0.1893, 6596.6240, 596.9162
Hyperbolic, 150, 9315199, 0.1893, 6596.6240, 597.1462
Hyperbolic, 160, 9315199, 0.1893, 6596.6240, 597.3762
Hyperbolic, 170, 9315199, 0.1893, 6596.6240, 597.6062
Hyperbolic, 180, 9315199, 0.1893, 6596.6240, 597.8362
Hyperbolic, 190, 9315199, 0.1893, 6596.6240, 598.0662
Hyperbolic, 200, 9315199, 0.1893, 6596.6240, 598.2962
LHD, 10, 9315199, 0.8150, 29093.3373, 2618.6304
LHD, 20, 9315199, 0.6334, 22604.2340, 2034.8411
LHD, 30, 9315199, 0.4867, 17336.4937, 1560.9744
LHD, 40, 9315199, 0.3270, 11590.1180, 1044.0306
LHD, 50, 9315199, 0.2151, 7533.9850, 679.2087
LHD, 60, 9315199, 0.1945, 6785.3572, 612.0622
LHD, 70, 9315199, 0.1909, 6656.6205, 600.7058
LHD, 80, 9315199, 0.1899, 6619.3603, 597.5824
LHD, 90, 9315199, 0.1895, 6605.8417, 596.5958
LHD, 100, 9315199, 0.1894, 6600.7162, 596.3645
LHD, 110, 9315199, 0.1893, 6598.4793, 596.3931
LHD, 120, 9315199, 0.1893, 6597.5337, 596.5380
LHD, 130, 9315199, 0.1893, 6597.2490, 596.7424
LHD, 140, 9315199, 0.1893, 6596.9377, 596.9444
LHD, 150, 9315199, 0.1893, 6596.8349, 597.1651
LHD, 160, 9315199, 0.1893, 6596.7216, 597.3849
LHD, 170, 9315199, 0.1893, 6596.6907, 597.6122
LHD, 180, 9315199, 0.1893, 6596.6943, 597.8425
LHD, 190, 9315199, 0.1893, 6596.6826, 598.0714
LHD, 200, 9315199, 0.1893, 6596.6279, 598.2965
