FIFO, 1000, 12670153, 0.9296, 34229.5568, 3103.6601
FIFO, 2000, 12670153, 0.9233, 34001.1963, 3106.1077
FIFO, 3000, 12670153, 0.9197, 33870.4312, 3117.3388
FIFO, 4000, 12670153, 0.9166, 33758.2326, 3130.2409
FIFO, 5000, 12670153, 0.9150, 33697.1432, 3147.7429
FIFO, 6000, 12670153, 0.9135, 33642.0404, 3165.7836
FIFO, 7000, 12670153, 0.9119, 33579.4680, 3183.1521
FIFO, 8000, 12670153, 0.9106, 33531.1888, 3201.8070
FIFO, 9000, 12670153, 0.9085, 33459.9163, 3218.3925
FIFO, 10000, 12670153, 0.9066, 33389.4746, 3235.0527
FIFO, 11000, 12670153, 0.9052, 33338.6032, 3253.4743
FIFO, 12000, 12670153, 0.9039, 33288.3287, 3271.9496
LRU, 1000, 12670153, 0.9290, 34205.0787, 3101.4571
LRU, 2000, 12670153, 0.9227, 33975.8188, 3103.8237
LRU, 3000, 12670153, 0.9190, 33845.4174, 3115.0876
LRU, 4000, 12670153, 0.9160, 33735.0935, 3128.1584
LRU, 5000, 12670153, 0.9141, 33662.8697, 3144.6583
LRU, 6000, 12670153, 0.9127, 33609.9453, 3162.8951
LRU, 7000, 12670153, 0.9110, 33546.5484, 3180.1894
LRU, 8000, 12670153, 0.9094, 33489.6744, 3198.0707
LRU, 9000, 12670153, 0.9076, 33428.2187, 3215.5397
LRU, 10000, 12670153, 0.9056, 33353.2166, 3231.7895
LRU, 11000, 12670153, 0.9044, 33310.7353, 3250.9662
LRU, 12000, 12670153, 0.9031, 33260.0523, 3269.4047
Clock, 1000, 12670153, 0.9289, 34201.8874, 3101.1699
Clock, 2000, 12670153, 0.9222, 33957.7226, 3102.1950
Clock, 3000, 12670153, 0.9186, 33826.8843, 3113.4196
Clock, 4000, 12670153, 0.9155, 33714.7463, 3126.3272
Clock, 5000, 12670153, 0.9132, 33629.6306, 3141.6668
Clock, 6000, 12670153, 0.9114, 33561.1735, 3158.5056
Clock, 7000, 12670153, 0.9097, 33499.2039, 3175.9284
Clock, 8000, 12670153, 0.9084, 33449.6570, 3194.4691
Clock, 9000, 12670153, 0.9066, 33388.1550, 3211.9339
Clock, 10000, 12670153, 0.9049, 33330.0764, 3229.7069
Clock, 11000, 12670153, 0.9037, 33284.8154, 3248.6334
Clock, 12000, 12670153, 0.9025, 33238.4413, 3267.4597
LFU, 1000, 12670153, 0.9664, 35583.1972, 3225.4878
LFU, 2000, 12670153, 0.9325, 34323.5869, 3135.1228
LFU, 3000, 12670153, 0.9205, 33893.8787, 3119.4491
LFU, 4000, 12670153, 0.9158, 33723.1383, 3127.0824
LFU, 5000, 12670153, 0.9125, 33605.2630, 3139.4737
LFU, 6000, 12670153, 0.9104, 33530.0579, 3155.7052
LFU, 7000, 12670153, 0.9089, 33471.8104, 3173.4629
LFU, 8000, 12670153, 0.9076, 33426.1924, 3192.3573
LFU, 9000, 12670153, 0.9064, 33378.6556, 3211.0790
LFU, 10000, 12670153, 0.9049, 33325.8353, 3229.3252
LFU, 11000, 12670153, 0.9031, 33264.8276, 3246.8345
LFU, 12000, 12670153, 0.9016, 33206.6641, 3264.5998
ARC, 1000, 12670153, 0.9593, 35319.8398, 3201.7856
ARC, 2000, 12670153, 0.9362, 34462.8349, 3147.6551
ARC, 3000, 12670153, 0.9199, 33872.7417, 3117.5468
ARC, 4000, 12670153, 0.9154, 33707.5959, 3125.6836
ARC, 5000, 12670153, 0.9124, 33600.1375, 3139.0124
ARC, 6000, 12670153, 0.9103, 33525.9953, 3155.3396
ARC, 7000, 12670153, 0.9087, 33468.8441, 3173.1960
ARC, 8000, 12670153, 0.9075, 33421.2976, 3191.9168
ARC, 9000, 12670153, 0.9063, 33375.4473, 3210.7903
ARC, 10000, 12670153, 0.9048, 33322.5297, 3229.0277
ARC, 11000, 12670153, 0.9031, 33265.8296, 3246.9247
ARC, 12000, 12670153, 0.9015, 33205.0771, 3264.4569
TwoQ, 1000, 12670153, 0.9294, 34222.2857, 3103.0057
TwoQ, 2000, 12670153, 0.9226, 33974.4736, 3103.7026
TwoQ, 3000, 12670153, 0.9192, 33849.4971, 3115.4547
TwoQ, 4000, 12670153, 0.9163, 33747.5865, 3129.2828
TwoQ, 5000, 12670153, 0.9145, 33683.3255, 3146.4993
TwoQ, 6000, 12670153, 0.9129, 33623.5314, 3164.1178
TwoQ, 7000, 12670153, 0.9114, 33565.0615, 3181.8555
TwoQ, 8000, 12670153, 0.9101, 33514.3857, 3200.2947
TwoQ, 9000, 12670153, 0.9079, 33442.9613, 3216.8665
TwoQ, 10000, 12670153, 0.9058, 33367.1357, 3233.0422
TwoQ, 11000, 12670153, 0.9045, 33316.8879, 3251.5199
TwoQ, 12000, 12670153, 0.9032, 33269.5061, 3270.2555
Hyperbolic, 1000, 12670153, 0.9300, 34243.8074, 3104.9427
Hyperbolic, 2000, 12670153, 0.9230, 33988.6985, 3104.9829
Hyperbolic, 3000, 12670153, 0.9190, 33842.2361, 3114.8012
Hyperbolic, 4000, 12670153, 0.9162, 33740.6598, 3128.6594
Hyperbolic, 5000, 12670153, 0.9138, 33653.5681, 3143.8211
Hyperbolic, 6000, 12670153, 0.9115, 33568.2509, 3159.1426
Hyperbolic, 7000, 12670153, 0.9099, 33509.1580, 3176.8242
Hyperbolic, 8000, 12670153, 0.9085, 33458.2039, 3195.2384
Hyperbolic, 9000, 12670153, 0.9072, 33409.1214, 3213.8209
Hyperbolic, 10000, 12670153, 0.9060, 33364.5280, 3232.8075
Hyperbolic, 11000, 12670153, 0.9048, 33324.4086, 3252.1968
Hyperbolic, 12000, 12670153, 0.9030, 33258.1255, 3269.2313
LHD, 1000, 12670153, 0.9297, 34361.6115, 3115.5450
LHD, 2000, 12670153, 0.9226, 34124.8122, 3117.2331
LHD, 3000, 12670153, 0.9184, 33981.2509, 3127.3126
LHD, 4000, 12670153, 0.9158, 33892.9906, 3142.3691
LHD, 5000, 12670153, 0.9135, 33813.7870, 3158.2408
LHD, 6000, 12670153, 0.9117, 33751.5220, 3175.6370
LHD, 7000, 12670153, 0.9100, 33690.1273, 3193.1115
LHD, 8000, 12670153, 0.9086, 33635.4837, 3211.1935
LHD, 9000, 12670153, 0.9074, 33587.7379, 3229.8964
LHD, 10000, 12670153, 0.9062, 33539.9537, 3248.5958
LHD, 11000, 12670153, 0.9052, 33499.5003, 3267.9550
LHD, 12000, 12670153, 0.9041, 33453.5415, 3286.8187
