FIFO, 1000, 7137962, 0.9260, 19325.6154, 1762.3054
FIFO, 2000, 7137962, 0.9220, 19241.0256, 1777.6923
FIFO, 3000, 7137962, 0.9193, 19183.8633, 1795.5477
FIFO, 4000, 7137962, 0.9172, 19138.3618, 1814.4526
FIFO, 5000, 7137962, 0.9158, 19110.3341, 1834.9301
FIFO, 6000, 7137962, 0.9146, 19085.1419, 1855.6628
FIFO, 7000, 7137962, 0.9136, 19065.4571, 1876.8911
FIFO, 8000, 7137962, 0.9127, 19044.6117, 1898.0151
FIFO, 9000, 7137962, 0.9112, 19014.4184, 1918.2977
FIFO, 10000, 7137962, 0.9097, 18982.6475, 1938.4383
FIFO, 11000, 7137962, 0.9083, 18951.9635, 1958.6767
FIFO, 12000, 7137962, 0.9066, 18916.5016, 1978.4851
LRU, 1000, 7137962, 0.9254, 19311.6394, 1761.0475
LRU, 2000, 7137962, 0.9215, 19229.1001, 1776.6190
LRU, 3000, 7137962, 0.9188, 19172.7073, 1794.5437
LRU, 4000, 7137962, 0.9166, 19125.6821, 1813.3114
LRU, 5000, 7137962, 0.9151, 19094.6937, 1833.5224
LRU, 6000, 7137962, 0.9140, 19071.4536, 1854.4308
LRU, 7000, 7137962, 0.9129, 19048.9072, 1875.4017
LRU, 8000, 7137962, 0.9118, 19027.0724, 1896.4365
LRU, 9000, 7137962, 0.9104, 18997.6367, 1916.7873
LRU, 10000, 7137962, 0.9088, 18965.8647, 1936.9278
LRU, 11000, 7137962, 0.9077, 18940.5823, 1957.6524
LRU, 12000, 7137962, 0.9059, 18901.6098, 1977.1449
Clock, 1000, 7137962, 0.9253, 19310.3042, 1760.9274
Clock, 2000, 7137962, 0.9210, 19218.8985, 1775.7009
Clock, 3000, 7137962, 0.9183, 19162.6346, 1793.6371
Clock, 4000, 7137962, 0.9164, 19121.1118, 1812.9001
Clock, 5000, 7137962, 0.9147, 19088.3414, 1832.9507
Clock, 6000, 7137962, 0.9131, 19053.3637, 1852.8027
Clock, 7000, 7137962, 0.9119, 19027.6298, 1873.4867
Clock, 8000, 7137962, 0.9109, 19008.8311, 1894.7948
Clock, 9000, 7137962, 0.9095, 18978.1893, 1915.0370
Clock, 10000, 7137962, 0.9085, 18958.8979, 1936.3008
Clock, 11000, 7137962, 0.9071, 18929.4752, 1956.6528
Clock, 12000, 7137962, 0.9054, 18893.4568, 1976.4111
LFU, 1000, 7137962, 0.9428, 19681.0144, 1794.2913
LFU, 2000, 7137962, 0.9214, 19228.8839, 1776.5995
LFU, 3000, 7137962, 0.9170, 19137.4335, 1791.3690
LFU, 4000, 7137962, 0.9156, 19107.0590, 1811.6353
LFU, 5000, 7137962, 0.9132, 19056.0208, 1830.0419
LFU, 6000, 7137962, 0.9119, 19029.4791, 1850.6531
LFU, 7000, 7137962, 0.9109, 19008.9894, 1871.8090
LFU, 8000, 7137962, 0.9101, 18992.0674, 1893.2861
LFU, 9000, 7137962, 0.9091, 18971.4482, 1914.4303
LFU, 10000, 7137962, 0.9080, 18948.1110, 1935.3300
LFU, 11000, 7137962, 0.9066, 18919.3493, 1955.7414
LFU, 12000, 7137962, 0.9050, 18883.5853, 1975.5227
ARC, 1000, 7137962, 0.9431, 19687.8732, 1794.9086
ARC, 2000, 7137962, 0.9213, 19226.4841, 1776.3836
ARC, 3000, 7137962, 0.9169, 19135.4140, 1791.1873
ARC, 4000, 7137962, 0.9154, 19102.8644, 1811.2578
ARC, 5000, 7137962, 0.9132, 19055.8520, 1830.0267
ARC, 6000, 7137962, 0.9119, 19028.5241, 1850.5672
ARC, 7000, 7137962, 0.9109, 19008.1745, 1871.7357
ARC, 8000, 7137962, 0.9099, 18988.7444, 1892.9870
ARC, 9000, 7137962, 0.9091, 18970.5203, 1914.3468
ARC, 10000, 7137962, 0.9080, 18947.7064, 1935.2936
ARC, 11000, 7137962, 0.9066, 18919.2191, 1955.7297
ARC, 12000, 7137962, 0.9049, 18883.0330, 1975.4730
TwoQ, 1000, 7137962, 0.9256, 19317.2149, 1761.5493
TwoQ, 2000, 7137962, 0.9215, 19229.2166, 1776.6295
TwoQ, 3000, 7137962, 0.9188, 19171.8661, 1794.4679
TwoQ, 4000, 7137962, 0.9168, 19130.1145, 1813.7103
TwoQ, 5000, 7137962, 0.9153, 19101.1070, 1834.0996
TwoQ, 6000, 7137962, 0.9141, 19076.0932, 1854.8484
TwoQ, 7000, 7137962, 0.9132, 19055.6672, 1876.0101
TwoQ, 8000, 7137962, 0.9123, 19038.4163, 1897.4575
TwoQ, 9000, 7137962, 0.9108, 19007.6408, 1917.6877
TwoQ, 10000, 7137962, 0.9093, 18978.3677, 1938.0531
TwoQ, 11000, 7137962, 0.9080, 18948.2747, 1958.3447
TwoQ, 12000, 7137962, 0.9064, 18913.5365, 1978.2183
Hyperbolic, 1000, 7137962, 0.9264, 19333.1391, 1762.9825
Hyperbolic, 2000, 7137962, 0.9215, 19230.1450, 1776.7131
Hyperbolic, 3000, 7137962, 0.9187, 19171.2687, 1794.4142
Hyperbolic, 4000, 7137962, 0.9167, 19128.8216, 1813.5939
Hyperbolic, 5000, 7137962, 0.9149, 19091.0355, 1833.1932
Hyperbolic, 6000, 7137962, 0.9132, 19055.8904, 1853.0301
Hyperbolic, 7000, 7137962, 0.9119, 19027.9795, 1873.5182
Hyperbolic, 8000, 7137962, 0.9106, 19001.5732, 1894.1416
Hyperbolic, 9000, 7137962, 0.9094, 18976.9750, 1914.9278
Hyperbolic, 10000, 7137962, 0.9083, 18954.8653, 1935.9379
Hyperbolic, 11000, 7137962, 0.9073, 18935.0569, 1957.1551
Hyperbolic, 12000, 7137962, 0.9058, 18903.2710, 1977.2944
LHD, 1000, 7137962, 0.9267, 19396.9676, 1768.7271
LHD, 2000, 7137962, 0.9217, 19300.0998, 1783.0090
LHD, 3000, 7137962, 0.9186, 19237.7926, 1800.4013
LHD, 4000, 7137962, 0.9163, 19190.6929, 1819.1624
LHD, 5000, 7137962, 0.9146, 19155.2166, 1838.9695
LHD, 6000, 7137962, 0.9129, 19120.4548, 1858.8409
LHD, 7000, 7137962, 0.9113, 19084.9119, 1878.6421
LHD, 8000, 7137962, 0.9099, 19053.9635, 1898.8567
LHD, 9000, 7137962, 0.9085, 19019.8735, 1918.7886
LHD, 10000, 7137962, 0.9073, 18989.5802, 1939.0622
LHD, 11000, 7137962, 0.9061, 18960.6226, 1959.4560
LHD, 12000, 7137962, 0.9051, 18935.8025, 1980.2222
