FIFO, 3000, 159966715, 0.4481, 5025.5422, 521.2988
FIFO, 3100, 159966715, 0.4399, 4922.7532, 514.3478
FIFO, 3200, 159966715, 0.4321, 4824.5584, 507.8103
FIFO, 3300, 159966715, 0.4243, 4723.4623, 501.0116
FIFO, 3400, 159966715, 0.4166, 4620.0892, 494.0080
FIFO, 3500, 159966715, 0.4096, 4524.0776, 487.6670
FIFO, 3600, 159966715, 0.4031, 4433.4314, 481.8088
FIFO, 3700, 159966715, 0.3975, 4346.9167, 476.3225
FIFO, 3800, 159966715, 0.3927, 4274.2563, 472.0831
FIFO, 3900, 159966715, 0.3888, 4213.9402, 468.9546
FIFO, 4000, 159966715, 0.3856, 4164.0030, 466.7603
FIFO, 4100, 159966715, 0.3835, 4131.1348, 466.1021
FIFO, 4200, 159966715, 0.3827, 4116.2505, 467.0625
FIFO, 4300, 159966715, 0.3826, 4115.2038, 469.2683
FIFO, 4400, 159966715, 0.3826, 4115.2038, 471.5683
FIFO, 4500, 159966715, 0.3826, 4115.2038, 473.8683
LRU, 3000, 159966715, 0.4351, 4682.1274, 490.3915
LRU, 3100, 159966715, 0.4270, 4590.3241, 484.4292
LRU, 3200, 159966715, 0.4195, 4503.4787, 478.9131
LRU, 3300, 159966715, 0.4128, 4425.0978, 474.1588
LRU, 3400, 159966715, 0.4067, 4356.9591, 470.3263
LRU, 3500, 159966715, 0.4014, 4300.9008, 467.5811
LRU, 3600, 159966715, 0.3968, 4249.3923, 465.2453
LRU, 3700, 159966715, 0.3928, 4208.2986, 463.8469
LRU, 3800, 159966715, 0.3893, 4175.9932, 463.2394
LRU, 3900, 159966715, 0.3866, 4150.4088, 463.2368
LRU, 4000, 159966715, 0.3846, 4131.9982, 463.8798
LRU, 4100, 159966715, 0.3832, 4120.4946, 465.1445
LRU, 4200, 159966715, 0.3826, 4115.4789, 466.9931
LRU, 4300, 159966715, 0.3826, 4115.2038, 469.2683
LRU, 4400, 159966715, 0.3826, 4115.2038, 471.5683
LRU, 4500, 159966715, 0.3826, 4115.2038, 473.8683
Clock, 3000, 159966715, 0.4321, 4626.1588, 485.3543
Clock, 3100, 159966715, 0.4242, 4540.9460, 479.9851
Clock, 3200, 159966715, 0.4172, 4467.5685, 475.6812
Clock, 3300, 159966715, 0.4111, 4402.3086, 472.1078
Clock, 3400, 159966715, 0.4056, 4340.4890, 468.8440
Clock, 3500, 159966715, 0.4007, 4290.1266, 466.6114
Clock, 3600, 159966715, 0.3963, 4243.3118, 464.6981
Clock, 3700, 159966715, 0.3926, 4205.4317, 463.5889
Clock, 3800, 159966715, 0.3893, 4174.5730, 463.1116
Clock, 3900, 159966715, 0.3867, 4150.6068, 463.2546
Clock, 4000, 159966715, 0.3846, 4132.8361, 463.9553
Clock, 4100, 159966715, 0.3832, 4120.7086, 465.1638
Clock, 4200, 159966715, 0.3826, 4115.4989, 466.9949
Clock, 4300, 159966715, 0.3826, 4115.2038, 469.2683
Clock, 4400, 159966715, 0.3826, 4115.2038, 471.5683
Clock, 4500, 159966715, 0.3826, 4115.2038, 473.8683
LFU, 3000, 159966715, 0.4308, 4605.6296, 483.5067
LFU, 3100, 159966715, 0.4237, 4534.0756, 479.3668
LFU, 3200, 159966715, 0.4171, 4465.6966, 475.5127
LFU, 3300, 159966715, 0.4111, 4402.3086, 472.1078
LFU, 3400, 159966715, 0.4056, 4340.4890, 468.8440
LFU, 3500, 159966715, 0.4007, 4290.1266, 466.6114
LFU, 3600, 159966715, 0.3963, 4243.3118, 464.6981
LFU, 3700, 159966715, 0.3926, 4205.4317, 463.5889
LFU, 3800, 159966715, 0.3893, 4174.5730, 463.1116
LFU, 3900, 159966715, 0.3867, 4150.6068, 463.2546
LFU, 4000, 159966715, 0.3846, 4132.8361, 463.9553
LFU, 4100, 159966715, 0.3832, 4120.7086, 465.1638
LFU, 4200, 159966715, 0.3826, 4115.4989, 466.9949
LFU, 4300, 159966715, 0.3826, 4115.2038, 469.2683
LFU, 4400, 159966715, 0.3826, 4115.2038, 471.5683
LFU, 4500, 159966715, 0.3826, 4115.2038, 473.8683
ARC, 3000, 159966715, 0.4305, 4602.7083, 483.2437
ARC, 3100, 159966715, 0.4236, 4533.1810, 479.2863
ARC, 3200, 159966715, 0.4171, 4465.5829, 475.5025
ARC, 3300, 159966715, 0.4111, 4402.3086, 472.1078
ARC, 3400, 159966715, 0.4056, 4340.4890, 468.8440
ARC, 3500, 159966715, 0.4007, 4290.1266, 466.6114
ARC, 3600, 159966715, 0.3963, 4243.3118, 464.6981
ARC, 3700, 159966715, 0.3926, 4205.4317, 463.5889
ARC, 3800, 159966715, 0.3893, 4174.5730, 463.1116
ARC, 3900, 159966715, 0.3867, 4150.6068, 463.2546
ARC, 4000, 159966715, 0.3846, 4132.8361, 463.9553
ARC, 4100, 159966715, 0.3832, 4120.7086, 465.1638
ARC, 4200, 159966715, 0.3826, 4115.4989, 466.9949
ARC, 4300, 159966715, 0.3826, 4115.2038, 469.2683
ARC, 4400, 159966715, 0.3826, 4115.2038, 471.5683
ARC, 4500, 159966715, 0.3826, 4115.2038, 473.8683
TwoQ, 3000, 159966715, 0.4481, 5025.5422, 521.2988
TwoQ, 3100, 159966715, 0.4399, 4922.7532, 514.3478
TwoQ, 3200, 159966715, 0.4321, 4824.5584, 507.8103
TwoQ, 3300, 159966715, 0.4243, 4723.4623, 501.0116
TwoQ, 3400, 159966715, 0.4166, 4620.0892, 494.0080
TwoQ, 3500, 159966715, 0.4096, 4524.0776, 487.6670
TwoQ, 3600, 159966715, 0.4031, 4433.4314, 481.8088
TwoQ, 3700, 159966715, 0.3975, 4346.9167, 476.3225
TwoQ, 3800, 159966715, 0.3927, 4274.2563, 472.0831
TwoQ, 3900, 159966715, 0.3888, 4213.9402, 468.9546
TwoQ, 4000, 159966715, 0.3856, 4164.0030, 466.7603
TwoQ, 4100, 159966715, 0.3835, 4131.1348, 466.1021
TwoQ, 4200, 159966715, 0.3827, 4116.2505, 467.0625
TwoQ, 4300, 159966715, 0.3826, 4115.2038, 469.2683
TwoQ, 4400, 159966715, 0.3826, 4115.2038, 471.5683
TwoQ, 4500, 159966715, 0.3826, 4115.2038, 473.8683
Hyperbolic, 3000, 159966715, 0.4341, 4645.3093, 487.0778
Hyperbolic, 3100, 159966715, 0.4263, 4562.3446, 481.9110
Hyperbolic, 3200, 159966715, 0.4191, 4487.2103, 477.4489
Hyperbolic, 3300, 159966715, 0.4125, 4418.5215, 473.5669
Hyperbolic, 3400, 159966715, 0.4065, 4355.5062, 470.1956
Hyperbolic, 3500, 159966715, 0.4012, 4298.4241, 467.3582
Hyperbolic, 3600, 159966715, 0.3965, 4248.2875, 465.1459
Hyperbolic, 3700, 159966715, 0.3925, 4207.1480, 463.7433
Hyperbolic, 3800, 159966715, 0.3893, 4175.2172, 463.1696
Hyperbolic, 3900, 159966715, 0.3866, 4150.5273, 463.2475
Hyperbolic, 4000, 159966715, 0.3846, 4132.6495, 463.9385
Hyperbolic, 4100, 159966715, 0.3833, 4120.7867, 465.1708
Hyperbolic, 4200, 159966715, 0.3826, 4115.5494, 466.9994
Hyperbolic, 4300, 159966715, 0.3826, 4115.2038, 469.2683
Hyperbolic, 4400, 159966715, 0.3826, 4115.2038, 471.5683
Hyperbolic, 4500, 159966715, 0.3826, 4115.2038, 473.8683
