cache_eviction_policy,cache_size,gib_missed,cost
FIFO,1500,2313.2437,242.69193299999998
FIFO,1600,1996.348,216.47132
FIFO,1700,1862.9179,206.762611
FIFO,1800,1853.1811,208.186299
FIFO,1900,1671.2048,194.108432
FIFO,2000,1492.6858,180.341722
FIFO,2100,1431.009,177.09080999999998
FIFO,2200,1326.3498,169.97148199999998
FIFO,2300,1271.5327,167.337943
FIFO,2400,1222.142,165.19278
FIFO,2500,1128.921,159.10289
FIFO,2600,1067.9046,155.91141399999998
FIFO,2700,1067.9046,158.211414
FIFO,2800,1067.9046,160.511414
FIFO,2900,1067.9046,162.811414
FIFO,3000,1067.9046,165.111414
FIFO,3100,1045.8335,165.42501499999997
FIFO,3200,1045.8335,167.72501499999998
FIFO,3300,817.945,149.51505
FIFO,3400,455.5196,119.196764
FIFO,3500,290.9851,106.688659
FIFO,3600,233.1023,103.779207
LRU,1500,2101.5158,223.636422
LRU,1600,1724.556,192.01004
LRU,1700,1572.6542,180.63887799999998
LRU,1800,1494.7124,175.924116
LRU,1900,1437.7318,173.09586199999998
LRU,2000,1375.1861,169.766749
LRU,2100,1346.7286,169.50557399999997
LRU,2200,1300.4235,167.638115
LRU,2300,1279.8979,168.090811
LRU,2400,1255.0557,168.15501299999997
LRU,2500,1172.8561,163.057049
LRU,2600,1013.933,151.05397
LRU,2700,1010.7054,153.063486
LRU,2800,1010.7054,155.36348600000002
LRU,2900,1010.1643,157.614787
LRU,3000,997.8507,158.80656299999998
LRU,3100,900.1632,152.314688
LRU,3200,647.478,131.87302
LRU,3300,255.594,98.90346
LRU,3400,157.5459,92.379131
LRU,3500,52.2997,85.206973
LRU,3600,20.1605,84.614445
Clock,1500,2288.3417,240.450753
Clock,1600,2102.49,226.02409999999998
Clock,1700,1854.8831,206.039479
Clock,1800,1734.9828,197.548452
Clock,1900,1723.5462,198.819158
Clock,2000,1644.1864,193.976776
Clock,2100,1544.7045,187.32340499999998
Clock,2200,1520.8338,187.475042
Clock,2300,1440.7349,182.566141
Clock,2400,1461.5423,186.73880699999998
Clock,2500,1358.4429,179.759861
Clock,2600,1152.4376,163.519384
Clock,2700,1159.0622,166.41559800000002
Clock,2800,899.5048,145.355432
Clock,2900,1068.3817,162.854353
Clock,3000,989.1572,158.024148
Clock,3100,938.2799,155.74519099999998
Clock,3200,516.0426,120.04383399999999
Clock,3300,392.3956,111.21560400000001
Clock,3400,312.4142,106.317278
Clock,3500,243.5089,102.415801
Clock,3600,166.4185,97.777665
LFU,1500,262045.6543,23618.608887
LFU,1600,261372.703,23560.343269999998
LFU,1700,255127.2144,23000.549295999997
LFU,1800,248498.9819,22406.308371000003
LFU,1900,242186.9411,21840.524698999998
LFU,2000,234859.2615,21183.333534999998
LFU,2100,228471.8798,20610.769181999996
LFU,2200,225021.0468,20302.494211999998
LFU,2300,223839.3536,20198.441824
LFU,2400,224020.6992,20217.062928
LFU,2500,223974.9967,20215.249702999998
LFU,2600,223791.2738,20201.014642
LFU,2700,220419.5146,19899.856313999997
LFU,2800,211957.9729,19140.617561
LFU,2900,205296.7445,18543.407005
LFU,3000,191893.5601,17339.420409
LFU,3100,177369.7926,16034.581333999997
LFU,3200,163331.7614,14773.458525999999
LFU,3300,148455.2711,13436.874399
LFU,3400,132760.755,12026.667950000001
LFU,3500,117996.0546,10700.144914
LFU,3600,104526.3847,9490.174622999999
ARC,1500,3980.9915,392.789235
ARC,1600,3909.9359,388.694231
ARC,1700,3435.1102,348.259918
ARC,1800,2957.6606,307.589454
ARC,1900,2842.058,299.48521999999997
ARC,2000,2831.4497,300.830473
ARC,2100,2819.9943,302.09948699999995
ARC,2200,2752.7199,298.344791
ARC,2300,2599.1616,286.82454399999995
ARC,2400,2600.1129,289.210161
ARC,2500,2598.4486,291.360374
ARC,2600,2600.914,293.88226000000003
ARC,2700,2597.6736,295.890624
ARC,2800,2555.0698,294.356282
ARC,2900,2361.5584,279.240256
ARC,3000,2007.7158,249.69442199999997
ARC,3100,1743.4302,228.20871799999998
ARC,3200,1636.0955,220.848595
ARC,3300,1468.1966,208.037694
ARC,3400,1322.1607,197.19446299999998
ARC,3500,1259.9222,193.89299799999998
ARC,3600,1197.051,190.53458999999998
TwoQ,1500,2648.1653,272.834877
TwoQ,1600,2432.1872,255.696848
TwoQ,1700,2141.3069,231.817621
TwoQ,1800,1726.803,196.81227
TwoQ,1900,1623.4638,189.81174199999998
TwoQ,2000,1473.9778,178.65800199999998
TwoQ,2100,1431.9121,177.17208899999997
TwoQ,2200,1326.3858,169.97472199999999
TwoQ,2300,1271.5623,167.340607
TwoQ,2400,1222.142,165.19278
TwoQ,2500,1128.921,159.10289
TwoQ,2600,1067.9046,155.91141399999998
TwoQ,2700,1067.9046,158.211414
TwoQ,2800,1067.9046,160.511414
TwoQ,2900,1067.9046,162.811414
TwoQ,3000,1067.9046,165.111414
TwoQ,3100,1045.8335,165.42501499999997
TwoQ,3200,1045.8335,167.72501499999998
TwoQ,3300,817.945,149.51505
TwoQ,3400,455.5196,119.196764
TwoQ,3500,290.9851,106.688659
TwoQ,3600,233.1023,103.779207
Hyperbolic,1500,4135.2868,406.67581199999995
Hyperbolic,1600,3939.0303,391.312727
Hyperbolic,1700,3741.7177,375.854593
Hyperbolic,1800,3570.0677,362.70609299999995
Hyperbolic,1900,3421.3403,351.62062699999996
Hyperbolic,2000,3179.1888,332.126992
Hyperbolic,2100,3065.9757,324.237813
Hyperbolic,2200,2961.9261,317.17334900000003
Hyperbolic,2300,2860.269,310.32420999999994
Hyperbolic,2400,2768.349,304.35141
Hyperbolic,2500,2681.1685,298.805165
Hyperbolic,2600,2594.0251,293.262259
Hyperbolic,2700,2493.4332,286.508988
Hyperbolic,2800,2378.2082,278.438738
Hyperbolic,2900,2246.9734,268.92760599999997
Hyperbolic,3000,2104.1097,258.369873
Hyperbolic,3100,1941.6136,246.04522399999996
Hyperbolic,3200,1767.8616,232.70754399999998
Hyperbolic,3300,1593.8898,219.350082
Hyperbolic,3400,1438.0044,207.62039600000003
Hyperbolic,3500,1276.9567,195.426103
Hyperbolic,3600,1090.8118,180.97306199999997
LHD,1500,1971.3349,211.920141
LHD,1600,1890.1027,206.909243
LHD,1700,1792.3929,200.415361
LHD,1800,1696.3892,194.075028
LHD,1900,1624.4098,189.89688199999998
LHD,2000,1550.6194,185.555746
LHD,2100,1476.7429,181.206861
LHD,2200,1382.422,175.01798
LHD,2300,1205.402,161.38618
LHD,2400,1054.8192,150.133728
LHD,2500,989.831,146.58479
LHD,2600,938.2164,144.239476
LHD,2700,884.34,141.6906
LHD,2800,826.2649,138.763841
LHD,2900,768.9677,135.907093
LHD,3000,714.6305,133.316745
LHD,3100,652.2333,130.00099699999998
LHD,3200,593.2598,126.993382
LHD,3300,535.5335,124.098015
LHD,3400,475.8845,121.029605
LHD,3500,413.9767,117.757903
LHD,3600,352.6194,114.53574599999999
