cache_eviction_policy,cache_size,gib_missed,cost
FIFO,1500,2313.2437,80.76487399999999
FIFO,1600,1996.348,76.72695999999999
FIFO,1700,1862.9179,76.35835800000001
FIFO,1800,1853.1811,78.463622
FIFO,1900,1671.2048,77.124096
FIFO,2000,1492.6858,75.85371599999999
FIFO,2100,1431.009,76.92018
FIFO,2200,1326.3498,77.126996
FIFO,2300,1271.5327,78.330654
FIFO,2400,1222.142,79.64283999999999
FIFO,2500,1128.921,80.07842
FIFO,2600,1067.9046,81.158092
FIFO,2700,1067.9046,83.45809200000001
FIFO,2800,1067.9046,85.758092
FIFO,2900,1067.9046,88.058092
FIFO,3000,1067.9046,90.358092
FIFO,3100,1045.8335,92.21667
FIFO,3200,1045.8335,94.51666999999999
FIFO,3300,817.945,92.25890000000001
FIFO,3400,455.5196,87.31039200000001
FIFO,3500,290.9851,86.319702
FIFO,3600,233.1023,87.462046
LRU,1500,2101.5158,76.530316
LRU,1600,1724.556,71.29112
LRU,1700,1572.6542,70.553084
LRU,1800,1494.7124,71.294248
LRU,1900,1437.7318,72.454636
LRU,2000,1375.1861,73.503722
LRU,2100,1346.7286,75.234572
LRU,2200,1300.4235,76.60847000000001
LRU,2300,1279.8979,78.497958
LRU,2400,1255.0557,80.301114
LRU,2500,1172.8561,80.957122
LRU,2600,1013.933,80.07866
LRU,2700,1010.7054,82.314108
LRU,2800,1010.7054,84.61410800000002
LRU,2900,1010.1643,86.90328600000001
LRU,3000,997.8507,88.957014
LRU,3100,900.1632,89.303264
LRU,3200,647.478,86.54956
LRU,3300,255.594,81.01188
LRU,3400,157.5459,81.35091800000001
LRU,3500,52.2997,81.545994
LRU,3600,20.1605,83.20321
Clock,1500,2288.3417,80.266834
Clock,1600,2102.49,78.84979999999999
Clock,1700,1854.8831,76.19766200000001
Clock,1800,1734.9828,76.099656
Clock,1900,1723.5462,78.170924
Clock,2000,1644.1864,78.883728
Clock,2100,1544.7045,79.19409
Clock,2200,1520.8338,81.016676
Clock,2300,1440.7349,81.714698
Clock,2400,1461.5423,84.430846
Clock,2500,1358.4429,84.668858
Clock,2600,1152.4376,82.84875199999999
Clock,2700,1159.0622,85.281244
Clock,2800,899.5048,82.390096
Clock,2900,1068.3817,88.067634
Clock,3000,989.1572,88.783144
Clock,3100,938.2799,90.065598
Clock,3200,516.0426,83.920852
Clock,3300,392.3956,83.747912
Clock,3400,312.4142,84.448284
Clock,3500,243.5089,85.370178
Clock,3600,166.4185,86.12837
LFU,1500,262045.6543,5275.413086
LFU,1600,261372.703,5264.25406
LFU,1700,255127.2144,5141.644288
LFU,1800,248498.9819,5011.379638
LFU,1900,242186.9411,4887.438822
LFU,2000,234859.2615,4743.18523
LFU,2100,228471.8798,4617.737596
LFU,2200,225021.0468,4551.020936000001
LFU,2300,223839.3536,4529.687072
LFU,2400,224020.6992,4535.613984
LFU,2500,223974.9967,4536.9999339999995
LFU,2600,223791.2738,4535.625476
LFU,2700,220419.5146,4470.490292
LFU,2800,211957.9729,4303.559458
LFU,2900,205296.7445,4172.63489
LFU,3000,191893.5601,3906.8712020000003
LFU,3100,177369.7926,3618.695852
LFU,3200,163331.7614,3340.2352279999996
LFU,3300,148455.2711,3045.005422
LFU,3400,132760.755,2733.4151
LFU,3500,117996.0546,2440.421092
LFU,3600,104526.3847,2173.327694
ARC,1500,3980.9915,114.11983000000001
ARC,1600,3909.9359,114.998718
ARC,1700,3435.1102,107.80220400000002
ARC,1800,2957.6606,100.553212
ARC,1900,2842.058,100.54115999999999
ARC,2000,2831.4497,102.628994
ARC,2100,2819.9943,104.69988599999999
ARC,2200,2752.7199,105.654398
ARC,2300,2599.1616,104.88323199999999
ARC,2400,2600.1129,107.202258
ARC,2500,2598.4486,109.46897200000001
ARC,2600,2600.914,111.81828
ARC,2700,2597.6736,114.053472
ARC,2800,2555.0698,115.50139600000001
ARC,2900,2361.5584,113.931168
ARC,3000,2007.7158,109.154316
ARC,3100,1743.4302,106.16860399999999
ARC,3200,1636.0955,106.32191
ARC,3300,1468.1966,105.26393200000001
ARC,3400,1322.1607,104.643214
ARC,3500,1259.9222,105.698444
ARC,3600,1197.051,106.74101999999999
TwoQ,1500,2648.1653,87.463306
TwoQ,1600,2432.1872,85.443744
TwoQ,1700,2141.3069,81.92613800000001
TwoQ,1800,1726.803,75.93606
TwoQ,1900,1623.4638,76.169276
TwoQ,2000,1473.9778,75.479556
TwoQ,2100,1431.9121,76.938242
TwoQ,2200,1326.3858,77.127716
TwoQ,2300,1271.5623,78.331246
TwoQ,2400,1222.142,79.64283999999999
TwoQ,2500,1128.921,80.07842
TwoQ,2600,1067.9046,81.158092
TwoQ,2700,1067.9046,83.45809200000001
TwoQ,2800,1067.9046,85.758092
TwoQ,2900,1067.9046,88.058092
TwoQ,3000,1067.9046,90.358092
TwoQ,3100,1045.8335,92.21667
TwoQ,3200,1045.8335,94.51666999999999
TwoQ,3300,817.945,92.25890000000001
TwoQ,3400,455.5196,87.31039200000001
TwoQ,3500,290.9851,86.319702
TwoQ,3600,233.1023,87.462046
Hyperbolic,1500,4135.2868,117.205736
Hyperbolic,1600,3939.0303,115.580606
Hyperbolic,1700,3741.7177,113.93435400000001
Hyperbolic,1800,3570.0677,112.801354
Hyperbolic,1900,3421.3403,112.12680599999999
Hyperbolic,2000,3179.1888,109.583776
Hyperbolic,2100,3065.9757,109.619514
Hyperbolic,2200,2961.9261,109.83852200000001
Hyperbolic,2300,2860.269,110.10538
Hyperbolic,2400,2768.349,110.56698
Hyperbolic,2500,2681.1685,111.12337000000001
Hyperbolic,2600,2594.0251,111.68050199999999
Hyperbolic,2700,2493.4332,111.968664
Hyperbolic,2800,2378.2082,111.96416400000001
Hyperbolic,2900,2246.9734,111.639468
Hyperbolic,3000,2104.1097,111.082194
Hyperbolic,3100,1941.6136,110.132272
Hyperbolic,3200,1767.8616,108.957232
Hyperbolic,3300,1593.8898,107.77779600000001
Hyperbolic,3400,1438.0044,106.960088
Hyperbolic,3500,1276.9567,106.039134
Hyperbolic,3600,1090.8118,104.616236
LHD,1500,1971.3349,73.926698
LHD,1600,1890.1027,74.602054
LHD,1700,1792.3929,74.947858
LHD,1800,1696.3892,75.32778400000001
LHD,1900,1624.4098,76.188196
LHD,2000,1550.6194,77.012388
LHD,2100,1476.7429,77.834858
LHD,2200,1382.422,78.24844
LHD,2300,1205.402,77.00804
LHD,2400,1054.8192,76.29638399999999
LHD,2500,989.831,77.29662
LHD,2600,938.2164,78.564328
LHD,2700,884.34,79.7868
LHD,2800,826.2649,80.925298
LHD,2900,768.9677,82.07935400000001
LHD,3000,714.6305,83.29261
LHD,3100,652.2333,84.34466599999999
LHD,3200,593.2598,85.46519599999999
LHD,3300,535.5335,86.61067
LHD,3400,475.8845,87.71769
LHD,3500,413.9767,88.779534
LHD,3600,352.6194,89.85238799999999
