cache_eviction_policy,cache_size,gib_missed,cost
FIFO,1000,416.8206,60.513854
FIFO,1100,368.3841,58.45456899999999
FIFO,1200,319.2323,56.330906999999996
FIFO,1300,270.4043,54.23638699999999
FIFO,1400,222.0146,52.181314
FIFO,1500,177.3747,50.463723
FIFO,1600,133.712,48.83408
FIFO,1700,88.2495,47.042455000000004
FIFO,1800,42.4752,45.222768
FIFO,1900,11.1419,44.702771
FIFO,2000,9.9,46.891
LRU,1000,381.7656,57.358904
LRU,1100,326.5759,54.69183099999999
LRU,1200,286.2746,53.364714
LRU,1300,229.5718,50.561462
LRU,1400,197.0888,49.937992
LRU,1500,128.6177,46.075593
LRU,1600,111.2607,46.813463
LRU,1700,54.4039,43.996351000000004
LRU,1800,10.9618,42.386562
LRU,1900,10.0477,44.604293
LRU,2000,9.8877,46.889893
Clock,1000,235.5539,44.199850999999995
Clock,1100,176.6696,41.200264000000004
Clock,1200,123.2428,38.691852
Clock,1300,72.7437,36.446933
Clock,1400,19.4571,33.951139000000005
Clock,1500,11.4246,35.528214
Clock,1600,10.7257,37.765313
Clock,1700,10.2814,40.025326
Clock,1800,10.1404,42.312636
Clock,1900,10.0221,44.601988999999996
Clock,2000,9.9321,46.893889
LFU,1000,4202.2617,401.203553
LFU,1100,4201.9207,403.47286299999996
LFU,1200,4202.7522,405.847698
LFU,1300,4202.2237,408.1001329999999
LFU,1400,4202.1507,410.393563
LFU,1500,4201.9672,412.677048
LFU,1600,4202.2278,415.000502
LFU,1700,4202.3281,417.309529
LFU,1800,4202.112,419.59007999999994
LFU,1900,4202.3104,421.907936
LFU,2000,4201.6589,424.14930100000004
ARC,1000,2532.8442,250.955978
ARC,1100,2531.9923,253.179307
ARC,1200,2531.9568,255.47611199999997
ARC,1300,2531.8106,257.762954
ARC,1400,2531.8424,260.065816
ARC,1500,2531.5602,262.340418
ARC,1600,2531.5527,264.639743
ARC,1700,2531.2733,266.91459699999996
ARC,1800,2531.2428,269.21185199999996
ARC,1900,2531.1948,271.507532
ARC,2000,2531.0337,273.793033
TwoQ,1000,579.0899,75.11809099999999
TwoQ,1100,541.8083,74.062747
TwoQ,1200,503.1129,72.880161
TwoQ,1300,458.821,71.19389
TwoQ,1400,394.2373,67.68135699999999
TwoQ,1500,310.531,62.44779
TwoQ,1600,224.0025,56.960224999999994
TwoQ,1700,142.5702,51.931318000000005
TwoQ,1800,64.5127,47.206143
TwoQ,1900,11.1652,44.704868
TwoQ,2000,9.8659,46.887931
Hyperbolic,1000,185.4453,39.690077
Hyperbolic,1100,97.7986,34.101874
Hyperbolic,1200,64.2703,33.384327
Hyperbolic,1300,39.9483,33.495346999999995
Hyperbolic,1400,24.541,34.40869
Hyperbolic,1500,16.6675,36.000075
Hyperbolic,1600,13.3866,38.004794
Hyperbolic,1700,11.8957,40.170613
Hyperbolic,1800,11.2297,42.410672999999996
Hyperbolic,1900,10.8291,44.67461899999999
Hyperbolic,2000,10.5426,46.948834
LHD,1000,139.5887,35.562983
LHD,1100,101.509,34.435810000000004
LHD,1200,69.9593,33.896336999999995
LHD,1300,47.7274,34.195465999999996
LHD,1400,33.7068,35.233612
LHD,1500,23.39,36.6051
LHD,1600,18.6103,38.474926999999994
LHD,1700,20.2784,40.925056
LHD,1800,18.4909,43.064181
LHD,1900,13.5244,44.917196
LHD,2000,15.6074,47.404666
