cache_eviction_policy,cache_size,gib_missed,cost
FIFO,30000,4169.1345,773.38269
FIFO,31000,4166.5482,796.330964
FIFO,32000,4147.7734,818.955468
FIFO,33000,4131.6726,841.633452
FIFO,34000,4098.0142,863.960284
FIFO,35000,4102.7788,887.055576
FIFO,36000,4061.5918,909.231836
FIFO,37000,3987.8594,930.757188
FIFO,38000,3891.477,951.82954
FIFO,39000,3800.755,973.0151
FIFO,40000,3697.3362,993.946724
FIFO,41000,3589.8681,1014.797362
FIFO,42000,3444.3241,1034.886482
FIFO,43000,3286.4479,1054.728958
FIFO,44000,2948.6875,1070.97375
FIFO,45000,2191.2349,1078.824698
FIFO,46000,2244.3612,1102.887224
FIFO,47000,2315.462,1127.30924
FIFO,48000,2227.0053,1148.540106
FIFO,49000,2165.7123,1170.314246
FIFO,50000,2129.1464,1192.582928
FIFO,51000,2112.8115,1215.25623
FIFO,52000,2095.2808,1237.905616
FIFO,53000,2073.8298,1260.476596
FIFO,54000,2051.9897,1283.039794
FIFO,55000,2038.3362,1305.766724
FIFO,56000,2029.2042,1328.584084
FIFO,57000,2018.3472,1351.366944
FIFO,58000,2005.4814,1374.109628
FIFO,59000,1992.7257,1396.854514
FIFO,60000,1969.9769,1419.399538
LRU,30000,4222.6021,774.452042
LRU,31000,4214.0177,797.280354
LRU,32000,4147.1587,818.943174
LRU,33000,4119.7133,841.394266
LRU,34000,4098.6768,863.973536
LRU,35000,4054.3065,886.08613
LRU,36000,3978.5416,907.570832
LRU,37000,3941.0751,929.821502
LRU,38000,3838.05,950.761
LRU,39000,3748.0017,971.960034
LRU,40000,3678.3294,993.566588
LRU,41000,3585.2868,1014.705736
LRU,42000,3547.1358,1036.942716
LRU,43000,3460.909,1058.21818
LRU,44000,3312.6277,1078.252554
LRU,45000,3148.0909,1097.961818
LRU,46000,2867.1143,1115.342286
LRU,47000,3215.2383,1145.304766
LRU,48000,3087.4057,1165.748114
LRU,49000,2992.7614,1186.855228
LRU,50000,2882.2397,1207.644794
LRU,51000,2687.2486,1226.744972
LRU,52000,2448.4617,1244.969234
LRU,53000,2255.2538,1264.105076
LRU,54000,2172.3466,1285.446932
LRU,55000,2121.3066,1307.426132
LRU,56000,2079.6434,1329.592868
LRU,57000,2056.8758,1352.137516
LRU,58000,2020.1442,1374.402884
LRU,59000,1921.032,1395.42064
LRU,60000,1912.7228,1418.254456
Clock,30000,4065.7067,771.314134
Clock,31000,3992.8361,792.856722
Clock,32000,3953.8852,815.077704
Clock,33000,3912.1036,837.242072
Clock,34000,3885.7808,859.715616
Clock,35000,3871.5896,882.431792
Clock,36000,3844.0525,904.88105
Clock,37000,3812.5775,927.25155
Clock,38000,3769.5667,949.391334
Clock,39000,3741.4438,971.828876
Clock,40000,3718.9354,994.378708
Clock,41000,3676.8067,1016.536134
Clock,42000,3603.8677,1038.077354
Clock,43000,3508.4609,1059.169218
Clock,44000,3426.0808,1080.521616
Clock,45000,3273.1592,1100.463184
Clock,46000,2933.7731,1116.675462
Clock,47000,3232.8797,1145.657594
Clock,48000,3125.5787,1166.511574
Clock,49000,3019.8549,1187.397098
Clock,50000,2911.2183,1208.224366
Clock,51000,2742.8832,1227.857664
Clock,52000,2511.1174,1246.222348
Clock,53000,2290.2466,1264.804932
Clock,54000,2172.9944,1285.459888
Clock,55000,2121.5147,1307.430294
Clock,56000,2079.6726,1329.593452
Clock,57000,2057.181,1352.14362
Clock,58000,2020.4846,1374.409692
Clock,59000,1921.1699,1395.423398
Clock,60000,1912.783,1418.25566
LFU,30000,3972.7858,769.455716
LFU,31000,3951.6019,792.0320380000001
LFU,32000,3941.57,814.8314
LFU,33000,3929.169,837.58338
LFU,34000,3915.6756,860.313512
LFU,35000,3910.0776,883.201552
LFU,36000,3893.0142,905.860284
LFU,37000,3862.9777,928.259554
LFU,38000,3813.4323,950.268646
LFU,39000,3767.2836,972.345672
LFU,40000,3733.7454,994.674908
LFU,41000,3677.5796,1016.551592
LFU,42000,3603.8677,1038.077354
LFU,43000,3508.4609,1059.169218
LFU,44000,3426.0808,1080.521616
LFU,45000,3273.1592,1100.463184
LFU,46000,2933.7731,1116.675462
LFU,47000,3232.8797,1145.657594
LFU,48000,3125.5787,1166.511574
LFU,49000,3019.8549,1187.397098
LFU,50000,2911.2183,1208.224366
LFU,51000,2742.8832,1227.857664
LFU,52000,2511.1174,1246.222348
LFU,53000,2290.2466,1264.804932
LFU,54000,2172.9944,1285.459888
LFU,55000,2121.5147,1307.430294
LFU,56000,2079.6726,1329.593452
LFU,57000,2057.181,1352.14362
LFU,58000,2020.4846,1374.409692
LFU,59000,1921.1699,1395.423398
LFU,60000,1912.783,1418.25566
ARC,30000,3976.8982,769.537964
ARC,31000,3963.6316,792.272632
ARC,32000,3953.8496,815.076992
ARC,33000,3942.0379,837.840758
ARC,34000,3928.5252,860.570504
ARC,35000,3919.0327,883.380654
ARC,36000,3901.613,906.03226
ARC,37000,3863.7438,928.274876
ARC,38000,3813.7324,950.274648
ARC,39000,3767.3578,972.347156
ARC,40000,3733.7479,994.6749580000001
ARC,41000,3677.5796,1016.551592
ARC,42000,3603.8677,1038.077354
ARC,43000,3508.4609,1059.169218
ARC,44000,3426.0808,1080.521616
ARC,45000,3273.1592,1100.463184
ARC,46000,2933.7731,1116.675462
ARC,47000,3232.8797,1145.657594
ARC,48000,3125.5787,1166.511574
ARC,49000,3019.8549,1187.397098
ARC,50000,2911.2183,1208.224366
ARC,51000,2742.8832,1227.857664
ARC,52000,2511.1174,1246.222348
ARC,53000,2290.2466,1264.804932
ARC,54000,2172.9944,1285.459888
ARC,55000,2121.5147,1307.430294
ARC,56000,2079.6726,1329.593452
ARC,57000,2057.181,1352.14362
ARC,58000,2020.4846,1374.409692
ARC,59000,1921.1699,1395.423398
ARC,60000,1912.783,1418.25566
TwoQ,30000,4177.5001,773.550002
TwoQ,31000,4171.1558,796.423116
TwoQ,32000,4149.9996,818.999992
TwoQ,33000,4131.7663,841.635326
TwoQ,34000,4098.0142,863.960284
TwoQ,35000,4102.7827,887.055654
TwoQ,36000,4061.5918,909.231836
TwoQ,37000,3987.8594,930.757188
TwoQ,38000,3891.477,951.82954
TwoQ,39000,3800.755,973.0151
TwoQ,40000,3697.3362,993.946724
TwoQ,41000,3589.8681,1014.797362
TwoQ,42000,3444.3241,1034.886482
TwoQ,43000,3286.4479,1054.728958
TwoQ,44000,2948.6875,1070.97375
TwoQ,45000,2191.2349,1078.824698
TwoQ,46000,2244.3612,1102.887224
TwoQ,47000,2315.462,1127.30924
TwoQ,48000,2227.0053,1148.540106
TwoQ,49000,2165.7123,1170.314246
TwoQ,50000,2129.1464,1192.582928
TwoQ,51000,2112.8115,1215.25623
TwoQ,52000,2095.2808,1237.905616
TwoQ,53000,2073.8298,1260.476596
TwoQ,54000,2051.9897,1283.039794
TwoQ,55000,2038.3362,1305.766724
TwoQ,56000,2029.2042,1328.584084
TwoQ,57000,2018.3472,1351.366944
TwoQ,58000,2005.4814,1374.109628
TwoQ,59000,1992.7257,1396.854514
TwoQ,60000,1969.9769,1419.399538
Hyperbolic,30000,3894.9088,767.898176
Hyperbolic,31000,3851.1085,790.02217
Hyperbolic,32000,3806.0453,812.120906
Hyperbolic,33000,3758.2309,834.164618
Hyperbolic,34000,3706.5979,856.131958
Hyperbolic,35000,3653.568,878.07136
Hyperbolic,36000,3604.2772,900.085544
Hyperbolic,37000,3557.1997,922.143994
Hyperbolic,38000,3508.9281,944.178562
Hyperbolic,39000,3461.1618,966.223236
Hyperbolic,40000,3412.1053,988.242106
Hyperbolic,41000,3360.5225,1010.21045
Hyperbolic,42000,3307.0425,1032.14085
Hyperbolic,43000,3245.3962,1053.907924
Hyperbolic,44000,3169.9445,1075.39889
Hyperbolic,45000,3097.5701,1096.951402
Hyperbolic,46000,2998.0488,1117.960976
Hyperbolic,47000,2949.0538,1139.981076
Hyperbolic,48000,3096.0448,1165.920896
Hyperbolic,49000,3014.9767,1187.299534
Hyperbolic,50000,2921.0285,1208.42057
Hyperbolic,51000,2805.0478,1229.100956
Hyperbolic,52000,2665.4056,1249.308112
Hyperbolic,53000,2504.5137,1269.090274
Hyperbolic,54000,2341.3801,1288.827602
Hyperbolic,55000,2205.7075,1309.11415
Hyperbolic,56000,2116.2344,1330.324688
Hyperbolic,57000,2054.6798,1352.093596
Hyperbolic,58000,1997.6791,1373.953582
Hyperbolic,59000,1920.1648,1395.403296
Hyperbolic,60000,1911.3459,1418.226918
LHD,30000,3717.0227,764.340454
LHD,31000,3621.46,785.4292
LHD,32000,3555.5888,807.111776
LHD,33000,3509.8907,829.197814
LHD,34000,3434.1423,850.682846
LHD,35000,3394.5953,872.8919060000001
LHD,36000,3310.6474,894.212948
LHD,37000,3276.3403,916.526806
LHD,38000,3220.1516,938.403032
LHD,39000,3181.0582,960.621164
LHD,40000,3043.5569,980.871138
LHD,41000,3055.8237,1004.116474
LHD,42000,2931.5288,1024.630576
LHD,43000,2902.1091,1047.042182
LHD,44000,2772.2508,1067.445016
LHD,45000,2719.9441,1089.398882
LHD,46000,2703.452,1112.06904
LHD,47000,2698.4759,1134.969518
LHD,48000,2640.3057,1156.806114
LHD,49000,2577.6684,1178.553368
LHD,50000,2502.6507,1200.053014
LHD,51000,2435.0521,1221.701042
LHD,52000,2342.1783,1242.843566
LHD,53000,2274.0051,1264.480102
LHD,54000,2223.7225,1286.47445
LHD,55000,2170.255,1308.4051
LHD,56000,2119.1624,1330.383248
LHD,57000,2062.6306,1352.252612
LHD,58000,2018.574,1374.37148
LHD,59000,1974.387,1396.48774
LHD,60000,1952.0542,1419.041084
