FIFO, 10, 5855839, 0.8105, 17814.9776, 1603.5780
FIFO, 20, 5855839, 0.7504, 16495.2041, 1485.0284
FIFO, 30, 5855839, 0.7091, 15592.0218, 1403.9720
FIFO, 40, 5855839, 0.5682, 12491.1417, 1125.1228
FIFO, 50, 5855839, 0.2076, 4565.6379, 412.0574
FIFO, 60, 5855839, 0.1838, 4040.4485, 365.0204
FIFO, 70, 5855839, 0.1838, 4040.4485, 365.2504
FIFO, 80, 5855839, 0.1838, 4040.4485, 365.4804
FIFO, 90, 5855839, 0.1838, 4040.4485, 365.7104
FIFO, 100, 5855839, 0.1838, 4040.4485, 365.9404
FIFO, 110, 5855839, 0.1838, 4040.4485, 366.1704
FIFO, 120, 5855839, 0.1838, 4040.4485, 366.4004
FIFO, 130, 5855839, 0.1838, 4040.4485, 366.6304
FIFO, 140, 5855839, 0.1838, 4040.4485, 366.8604
FIFO, 150, 5855839, 0.1838, 4040.4485, 367.0904
FIFO, 160, 5855839, 0.1838, 4040.4485, 367.3204
FIFO, 170, 5855839, 0.1838, 4040.4485, 367.5504
FIFO, 180, 5855839, 0.1838, 4040.4485, 367.7804
FIFO, 190, 5855839, 0.1838, 4040.4485, 368.0104
FIFO, 200, 5855839, 0.1838, 4040.4485, 368.2404
LRU, 10, 5855839, 0.8535, 18766.5795, 1689.2222
LRU, 20, 5855839, 0.7768, 17082.2538, 1537.8628
LRU, 30, 5855839, 0.7295, 16045.2914, 1444.7662
LRU, 40, 5855839, 0.6224, 13686.6260, 1232.7163
LRU, 50, 5855839, 0.2360, 5190.5200, 468.2968
LRU, 60, 5855839, 0.1838, 4040.4485, 365.0204
LRU, 70, 5855839, 0.1838, 4040.4485, 365.2504
LRU, 80, 5855839, 0.1838, 4040.4485, 365.4804
LRU, 90, 5855839, 0.1838, 4040.4485, 365.7104
LRU, 100, 5855839, 0.1838, 4040.4485, 365.9404
LRU, 110, 5855839, 0.1838, 4040.4485, 366.1704
LRU, 120, 5855839, 0.1838, 4040.4485, 366.4004
LRU, 130, 5855839, 0.1838, 4040.4485, 366.6304
LRU, 140, 5855839, 0.1838, 4040.4485, 366.8604
LRU, 150, 5855839, 0.1838, 4040.4485, 367.0904
LRU, 160, 5855839, 0.1838, 4040.4485, 367.3204
LRU, 170, 5855839, 0.1838, 4040.4485, 367.5504
LRU, 180, 5855839, 0.1838, 4040.4485, 367.7804
LRU, 190, 5855839, 0.1838, 4040.4485, 368.0104
LRU, 200, 5855839, 0.1838, 4040.4446, 368.2400
Clock, 10, 5855839, 0.8713, 19164.3633, 1725.0227
Clock, 20, 5855839, 0.8030, 17666.2797, 1590.4252
Clock, 30, 5855839, 0.7486, 16481.3214, 1484.0089
Clock, 40, 5855839, 0.6286, 13851.0109, 1247.5110
Clock, 50, 5855839, 0.2518, 5545.5435, 500.2489
Clock, 60, 5855839, 0.2257, 4974.1133, 449.0502
Clock, 70, 5855839, 0.2447, 5397.4015, 487.3761
Clock, 80, 5855839, 0.2550, 5626.0260, 508.1823
Clock, 90, 5855839, 0.2299, 5067.6579, 458.1592
Clock, 100, 5855839, 0.2050, 4513.3972, 408.5057
Clock, 110, 5855839, 0.2135, 4703.4728, 425.8426
Clock, 120, 5855839, 0.2115, 4656.0760, 421.8068
Clock, 130, 5855839, 0.2086, 4592.8591, 416.3473
Clock, 140, 5855839, 0.2029, 4463.4727, 404.9325
Clock, 150, 5855839, 0.1869, 4109.0388, 373.2635
Clock, 160, 5855839, 0.2008, 4418.5854, 401.3527
Clock, 170, 5855839, 0.2021, 4447.2982, 404.1668
Clock, 180, 5855839, 0.2019, 4444.2581, 404.1232
Clock, 190, 5855839, 0.1908, 4196.2627, 382.0336
Clock, 200, 5855839, 0.1900, 4178.1935, 380.6374
LFU, 10, 5855839, 0.9986, 21951.5019, 1975.8652
LFU, 20, 5855839, 0.9974, 21925.8364, 1973.7853
LFU, 30, 5855839, 0.9970, 21917.2361, 1973.2412
LFU, 40, 5855839, 0.9960, 21894.3715, 1971.4134
LFU, 50, 5855839, 0.9947, 21864.4165, 1968.9475
LFU, 60, 5855839, 0.9933, 21834.3674, 1966.4731
LFU, 70, 5855839, 0.9877, 21711.2653, 1955.6239
LFU, 80, 5855839, 0.9863, 21681.1837, 1953.1465
LFU, 90, 5855839, 0.9850, 21651.1684, 1950.6752
LFU, 100, 5855839, 0.9837, 21621.1685, 1948.2052
LFU, 110, 5855839, 0.9823, 21591.5722, 1945.7715
LFU, 120, 5855839, 0.9809, 21561.2655, 1943.2739
LFU, 130, 5855839, 0.9796, 21531.2327, 1940.8009
LFU, 140, 5855839, 0.9782, 21501.0995, 1938.3190
LFU, 150, 5855839, 0.9769, 21470.7779, 1935.8200
LFU, 160, 5855839, 0.9754, 21441.1807, 1933.3863
LFU, 170, 5855839, 0.9741, 21411.2169, 1930.9195
LFU, 180, 5855839, 0.9728, 21381.2650, 1928.4539
LFU, 190, 5855839, 0.9714, 21351.1752, 1925.9758
LFU, 200, 5855839, 0.9699, 21318.6863, 1923.2818
ARC, 10, 5855839, 0.9860, 21684.9375, 1951.8744
ARC, 20, 5855839, 0.9428, 20738.0688, 1866.8862
ARC, 30, 5855839, 0.8565, 18841.9355, 1696.4642
ARC, 40, 5855839, 0.7259, 15963.4933, 1437.6344
ARC, 50, 5855839, 0.4100, 9015.6649, 812.5598
ARC, 60, 5855839, 0.3657, 8040.3412, 725.0107
ARC, 70, 5855839, 0.3636, 7993.7721, 721.0495
ARC, 80, 5855839, 0.3636, 7993.7405, 721.2766
ARC, 90, 5855839, 0.3636, 7993.7216, 721.5049
ARC, 100, 5855839, 0.3636, 7993.7106, 721.7340
ARC, 110, 5855839, 0.3636, 7993.6707, 721.9604
ARC, 120, 5855839, 0.3615, 7946.2379, 717.9214
ARC, 130, 5855839, 0.3615, 7946.2185, 718.1497
ARC, 140, 5855839, 0.3615, 7946.1683, 718.3751
ARC, 150, 5855839, 0.3615, 7946.1410, 718.6027
ARC, 160, 5855839, 0.3594, 7901.5949, 714.8235
ARC, 170, 5855839, 0.3594, 7901.4698, 715.0423
ARC, 180, 5855839, 0.3594, 7901.3212, 715.2589
ARC, 190, 5855839, 0.3594, 7901.2014, 715.4781
ARC, 200, 5855839, 0.3594, 7900.5364, 715.6483
TwoQ, 10, 5855839, 0.8642, 19019.8270, 1712.0144
TwoQ, 20, 5855839, 0.7815, 17202.7494, 1548.7074
TwoQ, 30, 5855839, 0.7378, 16238.6287, 1462.1666
TwoQ, 40, 5855839, 0.6835, 15041.1997, 1354.6280
TwoQ, 50, 5855839, 0.4969, 10940.1396, 985.7626
TwoQ, 60, 5855839, 0.1838, 4040.4485, 365.0204
TwoQ, 70, 5855839, 0.1838, 4040.4485, 365.2504
TwoQ, 80, 5855839, 0.1838, 4040.4485, 365.4804
TwoQ, 90, 5855839, 0.1838, 4040.4485, 365.7104
TwoQ, 100, 5855839, 0.1838, 4040.4485, 365.9404
TwoQ, 110, 5855839, 0.1838, 4040.4485, 366.1704
TwoQ, 120, 5855839, 0.1838, 4040.4485, 366.4004
TwoQ, 130, 5855839, 0.1838, 4040.4485, 366.6304
TwoQ, 140, 5855839, 0.1838, 4040.4480, 366.8603
TwoQ, 150, 5855839, 0.1838, 4040.4480, 367.0903
TwoQ, 160, 5855839, 0.1838, 4040.4480, 367.3203
TwoQ, 170, 5855839, 0.1838, 4040.4480, 367.5503
TwoQ, 180, 5855839, 0.1838, 4040.4480, 367.7803
TwoQ, 190, 5855839, 0.1838, 4040.4480, 368.0103
TwoQ, 200, 5855839, 0.1838, 4040.4480, 368.2403
Hyperbolic, 10, 5855839, 0.8635, 18991.1466, 1709.4332
Hyperbolic, 20, 5855839, 0.7839, 17242.0771, 1552.2469
Hyperbolic, 30, 5855839, 0.6879, 15140.0975, 1363.2988
Hyperbolic, 40, 5855839, 0.5923, 13038.5367, 1174.3883
Hyperbolic, 50, 5855839, 0.4266, 9379.8218, 845.3340
Hyperbolic, 60, 5855839, 0.2634, 5791.4745, 522.6127
Hyperbolic, 70, 5855839, 0.1892, 4161.4696, 376.1423
Hyperbolic, 80, 5855839, 0.1861, 4091.3883, 370.0649
Hyperbolic, 90, 5855839, 0.1848, 4062.6197, 367.7058
Hyperbolic, 100, 5855839, 0.1840, 4044.1802, 366.2762
Hyperbolic, 110, 5855839, 0.1838, 4040.9337, 366.2140
Hyperbolic, 120, 5855839, 0.1838, 4040.5347, 366.4081
Hyperbolic, 130, 5855839, 0.1838, 4040.4485, 366.6304
Hyperbolic, 140, 5855839, 0.1838, 4040.4485, 366.8604
Hyperbolic, 150, 5855839, 0.1838, 4040.4485, 367.0904
Hyperbolic, 160, 5855839, 0.1838, 4040.4485, 367.3204
Hyperbolic, 170, 5855839, 0.1838, 4040.4485, 367.5504
Hyperbolic, 180, 5855839, 0.1838, 4040.4485, 367.7804
Hyperbolic, 190, 5855839, 0.1838, 4040.4485, 368.0104
Hyperbolic, 200, 5855839, 0.1838, 4040.4446, 368.2400
LHD, 10, 5855839, 0.8150, 18347.9436, 1651.5449
LHD, 20, 5855839, 0.6595, 14850.8111, 1337.0330
LHD, 30, 5855839, 0.5182, 11652.2770, 1049.3949
LHD, 40, 5855839, 0.3611, 8086.8964, 728.7407
LHD, 50, 5855839, 0.2191, 4847.1159, 437.3904
LHD, 60, 5855839, 0.1912, 4208.3957, 380.1356
LHD, 70, 5855839, 0.1862, 4094.9061, 370.1516
LHD, 80, 5855839, 0.1847, 4061.2639, 367.3538
LHD, 90, 5855839, 0.1842, 4048.8824, 366.4694
LHD, 100, 5855839, 0.1840, 4044.1697, 366.2753
LHD, 110, 5855839, 0.1839, 4042.1437, 366.3229
LHD, 120, 5855839, 0.1839, 4041.2528, 366.4728
LHD, 130, 5855839, 0.1838, 4040.9954, 366.6796
LHD, 140, 5855839, 0.1838, 4040.7193, 366.8847
LHD, 150, 5855839, 0.1838, 4040.6087, 367.1048
LHD, 160, 5855839, 0.1838, 4040.5501, 367.3295
LHD, 170, 5855839, 0.1838, 4040.4954, 367.5546
LHD, 180, 5855839, 0.1838, 4040.4798, 367.7832
LHD, 190, 5855839, 0.1838, 4040.4642, 368.0118
LHD, 200, 5855839, 0.1838, 4040.4563, 368.2411
