FIFO, 1500, 167334649, 0.0056, 3597.3738, 358.2636
FIFO, 1600, 167334649, 0.0049, 3147.2652, 320.0539
FIFO, 1700, 167334649, 0.0045, 2894.0410, 299.5637
FIFO, 1800, 167334649, 0.0044, 2832.8401, 296.3556
FIFO, 1900, 167334649, 0.0041, 2618.6084, 279.3748
FIFO, 2000, 167334649, 0.0038, 2439.9477, 265.5953
FIFO, 2100, 167334649, 0.0037, 2378.2709, 262.3444
FIFO, 2200, 167334649, 0.0036, 2273.6117, 255.2251
FIFO, 2300, 167334649, 0.0035, 2218.7946, 252.5915
FIFO, 2400, 167334649, 0.0034, 2169.4039, 250.4464
FIFO, 2500, 167334649, 0.0033, 2076.1829, 244.3565
FIFO, 2600, 167334649, 0.0032, 2015.1665, 241.1650
FIFO, 2700, 167334649, 0.0032, 2015.1665, 243.4650
FIFO, 2800, 167334649, 0.0032, 2015.1665, 245.7650
FIFO, 2900, 167334649, 0.0032, 2015.1665, 248.0650
FIFO, 3000, 167334649, 0.0032, 2015.1665, 250.3650
FIFO, 3100, 167334649, 0.0031, 1993.0954, 250.6786
FIFO, 3200, 167334649, 0.0031, 1993.0954, 252.9786
FIFO, 3300, 167334649, 0.0028, 1765.2069, 234.7686
FIFO, 3400, 167334649, 0.0022, 1402.7815, 204.4503
FIFO, 3500, 167334649, 0.0019, 1238.2470, 191.9422
FIFO, 3600, 167334649, 0.0019, 1180.3642, 189.0328
LRU, 1500, 167334649, 0.0052, 3344.0287, 335.4626
LRU, 1600, 167334649, 0.0045, 2843.4676, 292.7121
LRU, 1700, 167334649, 0.0041, 2612.9648, 274.2668
LRU, 1800, 167334649, 0.0039, 2480.7003, 264.6630
LRU, 1900, 167334649, 0.0038, 2406.0424, 260.2438
LRU, 2000, 167334649, 0.0037, 2330.6954, 255.7626
LRU, 2100, 167334649, 0.0036, 2293.9905, 254.7591
LRU, 2200, 167334649, 0.0035, 2247.6854, 252.8917
LRU, 2300, 167334649, 0.0035, 2227.1598, 253.3444
LRU, 2400, 167334649, 0.0035, 2202.3176, 253.4086
LRU, 2500, 167334649, 0.0033, 2120.1180, 248.3106
LRU, 2600, 167334649, 0.0031, 1961.1949, 236.3075
LRU, 2700, 167334649, 0.0031, 1957.9673, 238.3171
LRU, 2800, 167334649, 0.0031, 1957.9673, 240.6171
LRU, 2900, 167334649, 0.0031, 1957.4262, 242.8684
LRU, 3000, 167334649, 0.0031, 1945.1126, 244.0601
LRU, 3100, 167334649, 0.0029, 1847.4251, 237.5683
LRU, 3200, 167334649, 0.0025, 1594.7399, 217.1266
LRU, 3300, 167334649, 0.0019, 1202.8559, 184.1570
LRU, 3400, 167334649, 0.0017, 1104.8078, 177.6327
LRU, 3500, 167334649, 0.0016, 999.5616, 170.4605
LRU, 3600, 167334649, 0.0015, 967.4224, 169.8680
Clock, 1500, 167334649, 0.0058, 3674.9169, 365.2425
Clock, 1600, 167334649, 0.0053, 3376.6587, 340.6993
Clock, 1700, 167334649, 0.0048, 3077.8542, 316.1069
Clock, 1800, 167334649, 0.0046, 2937.4068, 305.7666
Clock, 1900, 167334649, 0.0046, 2910.1988, 305.6179
Clock, 2000, 167334649, 0.0044, 2802.0845, 298.1876
Clock, 2100, 167334649, 0.0042, 2698.4795, 291.1632
Clock, 2200, 167334649, 0.0040, 2576.6362, 282.4973
Clock, 2300, 167334649, 0.0039, 2465.1346, 274.7621
Clock, 2400, 167334649, 0.0040, 2556.6994, 285.3029
Clock, 2500, 167334649, 0.0039, 2479.6395, 280.6676
Clock, 2600, 167334649, 0.0036, 2282.7106, 265.2440
Clock, 2700, 167334649, 0.0036, 2295.9610, 268.7365
Clock, 2800, 167334649, 0.0031, 1966.3259, 241.3693
Clock, 2900, 167334649, 0.0033, 2088.6039, 254.6744
Clock, 3000, 167334649, 0.0032, 2031.9523, 251.8757
Clock, 3100, 167334649, 0.0031, 1979.1448, 249.4230
Clock, 3200, 167334649, 0.0023, 1493.5445, 208.0190
Clock, 3300, 167334649, 0.0021, 1358.2833, 198.1455
Clock, 3400, 167334649, 0.0020, 1259.6761, 191.5709
Clock, 3500, 167334649, 0.0019, 1190.7708, 187.6694
Clock, 3600, 167334649, 0.0018, 1113.6804, 183.0312
LFU, 1500, 167334649, 0.7052, 447138.9297, 40277.0037
LFU, 1600, 167334649, 0.6826, 432847.5560, 38993.0800
LFU, 1700, 167334649, 0.6491, 411503.1969, 37074.3877
LFU, 1800, 167334649, 0.6164, 390694.3444, 35203.8910
LFU, 1900, 167334649, 0.5845, 370390.2704, 33378.8243
LFU, 2000, 167334649, 0.5523, 349820.1151, 31529.8104
LFU, 2100, 167334649, 0.5212, 329989.0631, 29747.3157
LFU, 2200, 167334649, 0.4942, 312813.9960, 28203.8596
LFU, 2300, 167334649, 0.4713, 298408.0644, 26909.6258
LFU, 2400, 167334649, 0.4487, 284259.8176, 25638.5836
LFU, 2500, 167334649, 0.4236, 268314.3023, 24205.7872
LFU, 2600, 167334649, 0.4013, 254016.1514, 22921.2536
LFU, 2700, 167334649, 0.3763, 238167.3666, 21497.1630
LFU, 2800, 167334649, 0.3524, 223068.1503, 20140.5335
LFU, 2900, 167334649, 0.3298, 208734.4807, 18852.8033
LFU, 3000, 167334649, 0.3049, 193030.8478, 17441.7763
LFU, 3100, 167334649, 0.2819, 178441.5586, 16131.0403
LFU, 3200, 167334649, 0.2599, 164318.3634, 14862.2527
LFU, 3300, 167334649, 0.2364, 149421.1588, 13523.8043
LFU, 3400, 167334649, 0.2115, 133708.0169, 12111.9215
LFU, 3500, 167334649, 0.1882, 118943.3165, 10785.3985
LFU, 3600, 167334649, 0.1667, 105473.6466, 9575.4282
ARC, 1500, 167334649, 0.0101, 6468.9803, 616.7082
ARC, 1600, 167334649, 0.0099, 6349.4085, 608.2468
ARC, 1700, 167334649, 0.0091, 5824.1827, 563.2764
ARC, 1800, 167334649, 0.0083, 5321.8444, 520.3660
ARC, 1900, 167334649, 0.0080, 5119.6391, 504.4675
ARC, 2000, 167334649, 0.0078, 4991.2852, 495.2157
ARC, 2100, 167334649, 0.0076, 4859.9175, 485.6926
ARC, 2200, 167334649, 0.0073, 4634.5214, 467.7069
ARC, 2300, 167334649, 0.0069, 4398.0352, 448.7232
ARC, 2400, 167334649, 0.0068, 4347.0758, 446.4368
ARC, 2500, 167334649, 0.0067, 4277.2286, 442.4506
ARC, 2600, 167334649, 0.0065, 4147.7614, 433.0985
ARC, 2700, 167334649, 0.0063, 4044.0314, 426.0628
ARC, 2800, 167334649, 0.0060, 3830.9417, 409.1848
ARC, 2900, 167334649, 0.0055, 3526.0408, 384.0437
ARC, 3000, 167334649, 0.0049, 3145.0035, 352.0503
ARC, 3100, 167334649, 0.0044, 2815.1962, 324.6677
ARC, 3200, 167334649, 0.0041, 2622.6975, 309.6428
ARC, 3300, 167334649, 0.0038, 2434.0843, 294.9676
ARC, 3400, 167334649, 0.0036, 2269.4226, 282.4480
ARC, 3500, 167334649, 0.0035, 2207.1841, 279.1466
ARC, 3600, 167334649, 0.0034, 2144.3129, 275.7882
TwoQ, 1500, 167334649, 0.0062, 3960.0960, 390.9086
TwoQ, 1600, 167334649, 0.0056, 3590.6650, 359.9598
TwoQ, 1700, 167334649, 0.0050, 3172.4300, 324.6187
TwoQ, 1800, 167334649, 0.0042, 2706.4620, 284.9816
TwoQ, 1900, 167334649, 0.0040, 2570.8674, 275.0781
TwoQ, 2000, 167334649, 0.0038, 2421.2397, 263.9116
TwoQ, 2100, 167334649, 0.0037, 2379.1740, 262.4257
TwoQ, 2200, 167334649, 0.0036, 2273.6477, 255.2283
TwoQ, 2300, 167334649, 0.0035, 2218.8242, 252.5942
TwoQ, 2400, 167334649, 0.0034, 2169.4039, 250.4464
TwoQ, 2500, 167334649, 0.0033, 2076.1829, 244.3565
TwoQ, 2600, 167334649, 0.0032, 2015.1665, 241.1650
TwoQ, 2700, 167334649, 0.0032, 2015.1665, 243.4650
TwoQ, 2800, 167334649, 0.0032, 2015.1665, 245.7650
TwoQ, 2900, 167334649, 0.0032, 2015.1665, 248.0650
TwoQ, 3000, 167334649, 0.0032, 2015.1665, 250.3650
TwoQ, 3100, 167334649, 0.0031, 1993.0954, 250.6786
TwoQ, 3200, 167334649, 0.0031, 1993.0954, 252.9786
TwoQ, 3300, 167334649, 0.0028, 1765.2069, 234.7686
TwoQ, 3400, 167334649, 0.0022, 1402.7815, 204.4503
TwoQ, 3500, 167334649, 0.0019, 1238.2470, 191.9422
TwoQ, 3600, 167334649, 0.0019, 1180.3642, 189.0328
Hyperbolic, 1500, 167334649, 0.0103, 6637.1439, 631.8429
Hyperbolic, 1600, 167334649, 0.0099, 6348.4980, 608.1648
Hyperbolic, 1700, 167334649, 0.0095, 6069.9699, 585.3973
Hyperbolic, 1800, 167334649, 0.0091, 5823.2357, 565.4912
Hyperbolic, 1900, 167334649, 0.0087, 5591.8982, 546.9708
Hyperbolic, 2000, 167334649, 0.0079, 5064.6292, 501.8166
Hyperbolic, 2100, 167334649, 0.0075, 4821.2037, 482.2083
Hyperbolic, 2200, 167334649, 0.0072, 4628.4738, 467.1626
Hyperbolic, 2300, 167334649, 0.0070, 4459.5469, 454.2592
Hyperbolic, 2400, 167334649, 0.0067, 4289.9488, 441.2954
Hyperbolic, 2500, 167334649, 0.0064, 4102.7273, 426.7455
Hyperbolic, 2600, 167334649, 0.0061, 3913.4733, 412.0126
Hyperbolic, 2700, 167334649, 0.0058, 3718.3217, 396.7490
Hyperbolic, 2800, 167334649, 0.0055, 3522.6635, 381.4397
Hyperbolic, 2900, 167334649, 0.0052, 3347.4510, 367.9706
Hyperbolic, 3000, 167334649, 0.0050, 3171.6263, 354.4464
Hyperbolic, 3100, 167334649, 0.0046, 2966.0598, 338.2454
Hyperbolic, 3200, 167334649, 0.0043, 2744.7569, 320.6281
Hyperbolic, 3300, 167334649, 0.0040, 2550.6587, 305.4593
Hyperbolic, 3400, 167334649, 0.0037, 2387.0815, 293.0373
Hyperbolic, 3500, 167334649, 0.0035, 2224.3338, 280.6900
Hyperbolic, 3600, 167334649, 0.0032, 2038.0737, 266.2266
LHD, 1500, 167334649, 0.0050, 3200.9407, 322.5847
LHD, 1600, 167334649, 0.0048, 3092.4993, 315.1249
LHD, 1700, 167334649, 0.0047, 2986.9213, 307.9229
LHD, 1800, 167334649, 0.0043, 2773.3879, 291.0049
LHD, 1900, 167334649, 0.0042, 2659.3314, 283.0398
LHD, 2000, 167334649, 0.0040, 2561.7814, 276.5603
LHD, 2100, 167334649, 0.0039, 2485.7404, 272.0166
LHD, 2200, 167334649, 0.0037, 2380.8814, 264.8793
LHD, 2300, 167334649, 0.0034, 2169.7365, 248.1763
LHD, 2400, 167334649, 0.0031, 2002.8797, 235.4592
LHD, 2500, 167334649, 0.0030, 1937.1086, 231.8398
LHD, 2600, 167334649, 0.0030, 1885.4823, 229.4934
LHD, 2700, 167334649, 0.0029, 1831.6019, 226.9442
LHD, 2800, 167334649, 0.0028, 1773.5268, 224.0174
LHD, 2900, 167334649, 0.0027, 1716.2296, 221.1607
LHD, 3000, 167334649, 0.0026, 1661.8924, 218.5703
LHD, 3100, 167334649, 0.0025, 1599.4952, 215.2546
LHD, 3200, 167334649, 0.0024, 1540.5217, 212.2470
LHD, 3300, 167334649, 0.0023, 1482.7954, 209.3516
LHD, 3400, 167334649, 0.0022, 1423.1464, 206.2832
LHD, 3500, 167334649, 0.0021, 1361.2386, 203.0115
LHD, 3600, 167334649, 0.0020, 1299.8813, 199.7893
