FIFO, 1500, 91621491, 0.0037, 1284.1301, 150.0717
FIFO, 1600, 91621491, 0.0033, 1150.9172, 140.3825
FIFO, 1700, 91621491, 0.0030, 1031.1231, 131.9011
FIFO, 1800, 91621491, 0.0028, 979.6590, 129.5693
FIFO, 1900, 91621491, 0.0027, 947.4036, 128.9663
FIFO, 2000, 91621491, 0.0027, 947.2619, 131.2536
FIFO, 2100, 91621491, 0.0027, 947.2619, 133.5536
FIFO, 2200, 91621491, 0.0027, 947.2619, 135.8536
FIFO, 2300, 91621491, 0.0027, 947.2619, 138.1536
FIFO, 2400, 91621491, 0.0027, 947.2619, 140.4536
FIFO, 2500, 91621491, 0.0027, 947.2619, 142.7536
FIFO, 2600, 91621491, 0.0027, 947.2619, 145.0536
FIFO, 2700, 91621491, 0.0027, 947.2619, 147.3536
FIFO, 2800, 91621491, 0.0027, 947.2619, 149.6536
FIFO, 2900, 91621491, 0.0027, 947.2619, 151.9536
FIFO, 3000, 91621491, 0.0027, 947.2619, 154.2536
FIFO, 3100, 91621491, 0.0027, 947.2619, 156.5536
FIFO, 3200, 91621491, 0.0027, 947.2619, 158.8536
FIFO, 3300, 91621491, 0.0027, 947.2619, 161.1536
FIFO, 3400, 91621491, 0.0027, 947.2619, 163.4536
FIFO, 3500, 91621491, 0.0027, 947.2619, 165.7536
FIFO, 3600, 91621491, 0.0027, 947.2619, 168.0536
LRU, 1500, 91621491, 0.0036, 1242.5129, 146.3262
LRU, 1600, 91621491, 0.0032, 1118.9116, 137.5020
LRU, 1700, 91621491, 0.0030, 1040.3106, 132.7280
LRU, 1800, 91621491, 0.0028, 985.9879, 130.1389
LRU, 1900, 91621491, 0.0028, 968.3106, 130.8480
LRU, 2000, 91621491, 0.0028, 955.5093, 131.9958
LRU, 2100, 91621491, 0.0027, 947.2619, 133.5536
LRU, 2200, 91621491, 0.0027, 947.2619, 135.8536
LRU, 2300, 91621491, 0.0027, 947.2619, 138.1536
LRU, 2400, 91621491, 0.0027, 947.2619, 140.4536
LRU, 2500, 91621491, 0.0027, 947.2619, 142.7536
LRU, 2600, 91621491, 0.0027, 947.2619, 145.0536
LRU, 2700, 91621491, 0.0027, 947.2619, 147.3536
LRU, 2800, 91621491, 0.0027, 947.2619, 149.6536
LRU, 2900, 91621491, 0.0027, 947.2619, 151.9536
LRU, 3000, 91621491, 0.0027, 947.2619, 154.2536
LRU, 3100, 91621491, 0.0027, 947.2619, 156.5536
LRU, 3200, 91621491, 0.0027, 947.2619, 158.8536
LRU, 3300, 91621491, 0.0027, 947.2619, 161.1536
LRU, 3400, 91621491, 0.0027, 947.2619, 163.4536
LRU, 3500, 91621491, 0.0027, 947.2619, 165.7536
LRU, 3600, 91621491, 0.0027, 947.2619, 168.0536
Clock, 1500, 91621491, 0.0040, 1386.5752, 159.2918
Clock, 1600, 91621491, 0.0037, 1274.1687, 151.4752
Clock, 1700, 91621491, 0.0035, 1222.9711, 149.1674
Clock, 1800, 91621491, 0.0035, 1202.4240, 149.6182
Clock, 1900, 91621491, 0.0034, 1186.6526, 150.4987
Clock, 2000, 91621491, 0.0033, 1157.8981, 150.2108
Clock, 2100, 91621491, 0.0033, 1153.7750, 152.1397
Clock, 2200, 91621491, 0.0030, 1055.8024, 145.6222
Clock, 2300, 91621491, 0.0029, 1024.3997, 145.0960
Clock, 2400, 91621491, 0.0032, 1095.1571, 153.7641
Clock, 2500, 91621491, 0.0032, 1121.1966, 158.4077
Clock, 2600, 91621491, 0.0033, 1130.2730, 161.5246
Clock, 2700, 91621491, 0.0033, 1136.8988, 164.4209
Clock, 2800, 91621491, 0.0031, 1066.8211, 160.4139
Clock, 2900, 91621491, 0.0029, 1020.2222, 158.5200
Clock, 3000, 91621491, 0.0030, 1042.7951, 162.8516
Clock, 3100, 91621491, 0.0030, 1040.8649, 164.9778
Clock, 3200, 91621491, 0.0028, 977.5019, 161.5752
Clock, 3300, 91621491, 0.0028, 965.8877, 162.8299
Clock, 3400, 91621491, 0.0027, 947.2619, 163.4536
Clock, 3500, 91621491, 0.0027, 947.2619, 165.7536
Clock, 3600, 91621491, 0.0027, 947.2619, 168.0536
LFU, 1500, 91621491, 0.5335, 185093.2754, 16692.8948
LFU, 1600, 91621491, 0.4943, 171474.8530, 15469.5368
LFU, 1700, 91621491, 0.4506, 156375.9825, 14112.9384
LFU, 1800, 91621491, 0.4093, 142195.3625, 12838.9826
LFU, 1900, 91621491, 0.3687, 128203.3293, 11581.9996
LFU, 2000, 91621491, 0.3305, 114960.8536, 10392.4768
LFU, 2100, 91621491, 0.2915, 101517.1833, 9184.8465
LFU, 2200, 91621491, 0.2521, 87792.9492, 7951.9654
LFU, 2300, 91621491, 0.2138, 74568.7108, 6764.0840
LFU, 2400, 91621491, 0.1721, 60239.1184, 5476.7207
LFU, 2500, 91621491, 0.1262, 44339.3056, 4048.0375
LFU, 2600, 91621491, 0.0859, 30224.8776, 2780.0390
LFU, 2700, 91621491, 0.0505, 17747.8520, 1659.4067
LFU, 2800, 91621491, 0.0317, 11110.1774, 1064.3160
LFU, 2900, 91621491, 0.0098, 3437.7362, 376.0963
LFU, 3000, 91621491, 0.0033, 1137.2877, 171.3559
LFU, 3100, 91621491, 0.0031, 1071.7660, 167.7589
LFU, 3200, 91621491, 0.0028, 986.6020, 162.3942
LFU, 3300, 91621491, 0.0028, 965.8877, 162.8299
LFU, 3400, 91621491, 0.0027, 947.2619, 163.4536
LFU, 3500, 91621491, 0.0027, 947.2619, 165.7536
LFU, 3600, 91621491, 0.0027, 947.2619, 168.0536
ARC, 1500, 91621491, 0.0071, 2487.9888, 258.4190
ARC, 1600, 91621491, 0.0070, 2439.4726, 256.3525
ARC, 1700, 91621491, 0.0068, 2389.0725, 254.1165
ARC, 1800, 91621491, 0.0068, 2364.1838, 254.1765
ARC, 1900, 91621491, 0.0065, 2277.5811, 248.6823
ARC, 2000, 91621491, 0.0062, 2159.8355, 240.3852
ARC, 2100, 91621491, 0.0058, 2039.9232, 231.8931
ARC, 2200, 91621491, 0.0054, 1881.8015, 219.9621
ARC, 2300, 91621491, 0.0052, 1798.8736, 214.7986
ARC, 2400, 91621491, 0.0050, 1746.9629, 212.4267
ARC, 2500, 91621491, 0.0048, 1678.7800, 208.5902
ARC, 2600, 91621491, 0.0044, 1546.8474, 199.0163
ARC, 2700, 91621491, 0.0042, 1446.3578, 192.2722
ARC, 2800, 91621491, 0.0037, 1275.8719, 179.2285
ARC, 2900, 91621491, 0.0033, 1164.4824, 171.5034
ARC, 3000, 91621491, 0.0033, 1137.2877, 171.3559
ARC, 3100, 91621491, 0.0031, 1071.7660, 167.7589
ARC, 3200, 91621491, 0.0028, 986.6020, 162.3942
ARC, 3300, 91621491, 0.0028, 965.8877, 162.8299
ARC, 3400, 91621491, 0.0027, 947.2619, 163.4536
ARC, 3500, 91621491, 0.0027, 947.2619, 165.7536
ARC, 3600, 91621491, 0.0027, 947.2619, 168.0536
TwoQ, 1500, 91621491, 0.0038, 1311.9307, 152.5738
TwoQ, 1600, 91621491, 0.0033, 1158.4778, 141.0630
TwoQ, 1700, 91621491, 0.0030, 1031.1231, 131.9011
TwoQ, 1800, 91621491, 0.0028, 979.6590, 129.5693
TwoQ, 1900, 91621491, 0.0027, 947.4036, 128.9663
TwoQ, 2000, 91621491, 0.0027, 947.2619, 131.2536
TwoQ, 2100, 91621491, 0.0027, 947.2619, 133.5536
TwoQ, 2200, 91621491, 0.0027, 947.2619, 135.8536
TwoQ, 2300, 91621491, 0.0027, 947.2619, 138.1536
TwoQ, 2400, 91621491, 0.0027, 947.2619, 140.4536
TwoQ, 2500, 91621491, 0.0027, 947.2619, 142.7536
TwoQ, 2600, 91621491, 0.0027, 947.2619, 145.0536
TwoQ, 2700, 91621491, 0.0027, 947.2619, 147.3536
TwoQ, 2800, 91621491, 0.0027, 947.2619, 149.6536
TwoQ, 2900, 91621491, 0.0027, 947.2619, 151.9536
TwoQ, 3000, 91621491, 0.0027, 947.2619, 154.2536
TwoQ, 3100, 91621491, 0.0027, 947.2619, 156.5536
TwoQ, 3200, 91621491, 0.0027, 947.2619, 158.8536
TwoQ, 3300, 91621491, 0.0027, 947.2619, 161.1536
TwoQ, 3400, 91621491, 0.0027, 947.2619, 163.4536
TwoQ, 3500, 91621491, 0.0027, 947.2619, 165.7536
TwoQ, 3600, 91621491, 0.0027, 947.2619, 168.0536
Hyperbolic, 1500, 91621491, 0.0072, 2501.8571, 259.6671
Hyperbolic, 1600, 91621491, 0.0069, 2409.4677, 253.6521
Hyperbolic, 1700, 91621491, 0.0067, 2328.2522, 248.6427
Hyperbolic, 1800, 91621491, 0.0065, 2253.1680, 244.1851
Hyperbolic, 1900, 91621491, 0.0062, 2170.5579, 239.0502
Hyperbolic, 2000, 91621491, 0.0054, 1885.4404, 215.6896
Hyperbolic, 2100, 91621491, 0.0050, 1755.2280, 206.2705
Hyperbolic, 2200, 91621491, 0.0048, 1666.5477, 200.5893
Hyperbolic, 2300, 91621491, 0.0046, 1599.2779, 196.8350
Hyperbolic, 2400, 91621491, 0.0044, 1521.5998, 192.1440
Hyperbolic, 2500, 91621491, 0.0041, 1421.5588, 185.4403
Hyperbolic, 2600, 91621491, 0.0038, 1319.4482, 178.5503
Hyperbolic, 2700, 91621491, 0.0035, 1224.8885, 172.3400
Hyperbolic, 2800, 91621491, 0.0033, 1144.4553, 167.4010
Hyperbolic, 2900, 91621491, 0.0032, 1100.4776, 165.7430
Hyperbolic, 3000, 91621491, 0.0031, 1067.5166, 165.0765
Hyperbolic, 3100, 91621491, 0.0029, 1024.4462, 163.5002
Hyperbolic, 3200, 91621491, 0.0028, 976.8953, 161.5206
Hyperbolic, 3300, 91621491, 0.0028, 956.7689, 162.0092
Hyperbolic, 3400, 91621491, 0.0027, 949.0771, 163.6169
Hyperbolic, 3500, 91621491, 0.0027, 947.3771, 165.7639
Hyperbolic, 3600, 91621491, 0.0027, 947.2619, 168.0536
LHD, 1500, 91621491, 0.0035, 1229.6058, 145.1645
LHD, 1600, 91621491, 0.0034, 1202.3966, 145.0157
LHD, 1700, 91621491, 0.0034, 1194.5284, 146.6076
LHD, 1800, 91621491, 0.0031, 1076.9987, 138.3299
LHD, 1900, 91621491, 0.0030, 1034.9216, 136.8429
LHD, 2000, 91621491, 0.0029, 1011.1620, 137.0046
LHD, 2100, 91621491, 0.0029, 1008.9975, 139.1098
LHD, 2200, 91621491, 0.0029, 998.4594, 140.4613
LHD, 2300, 91621491, 0.0028, 964.3345, 139.6901
LHD, 2400, 91621491, 0.0027, 948.0605, 140.5254
LHD, 2500, 91621491, 0.0027, 947.2776, 142.7550
LHD, 2600, 91621491, 0.0027, 947.2659, 145.0539
LHD, 2700, 91621491, 0.0027, 947.2619, 147.3536
LHD, 2800, 91621491, 0.0027, 947.2619, 149.6536
LHD, 2900, 91621491, 0.0027, 947.2619, 151.9536
LHD, 3000, 91621491, 0.0027, 947.2619, 154.2536
LHD, 3100, 91621491, 0.0027, 947.2619, 156.5536
LHD, 3200, 91621491, 0.0027, 947.2619, 158.8536
LHD, 3300, 91621491, 0.0027, 947.2619, 161.1536
LHD, 3400, 91621491, 0.0027, 947.2619, 163.4536
LHD, 3500, 91621491, 0.0027, 947.2619, 165.7536
LHD, 3600, 91621491, 0.0027, 947.2619, 168.0536
