cache_eviction_policy,cache_size,gib_missed,cost
FIFO,1000,14903.9414,321.078828
FIFO,2000,14760.1707,341.203414
FIFO,3000,14686.5679,362.731358
FIFO,4000,14619.8708,384.397416
FIFO,5000,14586.8091,406.73618200000004
FIFO,6000,14556.8985,429.13797
FIFO,7000,14514.0109,451.280218
FIFO,8000,14486.5771,473.731542
FIFO,9000,14445.4979,495.909958
FIFO,10000,14406.8271,518.136542
FIFO,11000,14386.6397,540.732794
FIFO,12000,14371.8271,563.436542
LRU,1000,14893.4393,320.868786
LRU,2000,14746.7187,340.934374
LRU,3000,14672.7101,362.454202
LRU,4000,14609.4114,384.18822800000004
LRU,5000,14568.176,406.36352
LRU,6000,14538.4917,428.769834
LRU,7000,14497.6412,450.952824
LRU,8000,14462.602,473.25204
LRU,9000,14430.582,495.61164
LRU,10000,14387.3519,517.747038
LRU,11000,14370.153,540.4030600000001
LRU,12000,14358.4425,563.16885
Clock,1000,14891.5832,320.831664
Clock,2000,14738.8241,340.776482
Clock,3000,14664.2497,362.28499400000004
Clock,4000,14593.6345,383.87269000000003
Clock,5000,14541.2892,405.825784
Clock,6000,14507.8098,428.156196
Clock,7000,14471.5741,450.431482
Clock,8000,14440.8259,472.81651800000003
Clock,9000,14409.9657,495.199314
Clock,10000,14371.1785,517.4235699999999
Clock,11000,14355.3402,540.106804
Clock,12000,14344.9845,562.89969
LFU,1000,15902.1828,341.043656
LFU,2000,15094.703,347.89406
LFU,3000,14756.4452,364.12890400000003
LFU,4000,14616.0793,384.32158599999997
LFU,5000,14549.2422,405.984844
LFU,6000,14500.5788,428.011576
LFU,7000,14462.821,450.25642
LFU,8000,14434.125,472.6825
LFU,9000,14407.2074,495.144148
LFU,10000,14377.7243,517.554486
LFU,11000,14345.4783,539.909566
LFU,12000,14323.0788,562.4615759999999
ARC,1000,15631.9666,335.639332
ARC,2000,15236.3508,350.727016
ARC,3000,14737.3277,363.746554
ARC,4000,14604.7315,384.09463
ARC,5000,14544.2855,405.88571
ARC,6000,14497.4712,427.949424
ARC,7000,14460.6696,450.213392
ARC,8000,14432.5532,472.651064
ARC,9000,14404.927,495.09854
ARC,10000,14374.8233,517.496466
ARC,11000,14346.6105,539.9322099999999
ARC,12000,14322.0441,562.440882
TwoQ,1000,14905.0708,321.101416
TwoQ,2000,14745.257,340.90514
TwoQ,3000,14677.631,362.55262
TwoQ,4000,14617.472,384.34944
TwoQ,5000,14582.2185,406.64437000000004
TwoQ,6000,14547.4382,428.94876400000004
TwoQ,7000,14509.3943,451.187886
TwoQ,8000,14475.9694,473.519388
TwoQ,9000,14435.3205,495.70641
TwoQ,10000,14388.768,517.7753600000001
TwoQ,11000,14368.6132,540.3722640000001
TwoQ,12000,14355.9696,563.1193920000001
Hyperbolic,1000,14910.6683,321.213366
Hyperbolic,2000,14758.5535,341.17107
Hyperbolic,3000,14670.9674,362.419348
Hyperbolic,4000,14611.8382,384.236764
Hyperbolic,5000,14562.5326,406.250652
Hyperbolic,6000,14512.3605,428.24721
Hyperbolic,7000,14481.1785,450.62357000000003
Hyperbolic,8000,14456.6307,473.132614
Hyperbolic,9000,14432.1464,495.642928
Hyperbolic,10000,14409.6627,518.193254
Hyperbolic,11000,14389.3517,540.787034
Hyperbolic,12000,14354.8545,563.09709
LHD,1000,14964.6439,322.292878
LHD,2000,14824.7124,342.494248
LHD,3000,14743.4583,363.869166
LHD,4000,14702.2977,386.045954
LHD,5000,14658.5704,408.17140800000004
LHD,6000,14631.0672,430.621344
LHD,7000,14605.2154,453.104308
LHD,8000,14581.5202,475.630404
LHD,9000,14567.8644,498.35728800000004
LHD,10000,14550.3735,521.00747
LHD,11000,14538.8777,543.777554
LHD,12000,14517.739,566.35478
