FIFO, 30000, 25013714, 0.3985, 38122.6239, 4121.0361
FIFO, 31000, 25013714, 0.3943, 37709.5032, 4106.8553
FIFO, 32000, 25013714, 0.3915, 37443.1293, 4105.8816
FIFO, 33000, 25013714, 0.3890, 37197.4757, 4106.7728
FIFO, 34000, 25013714, 0.3880, 37101.6589, 4121.1493
FIFO, 35000, 25013714, 0.3855, 36863.8940, 4122.7505
FIFO, 36000, 25013714, 0.3829, 36608.0775, 4122.7270
FIFO, 37000, 25013714, 0.3803, 36357.6215, 4123.1859
FIFO, 38000, 25013714, 0.3771, 36045.9861, 4118.1387
FIFO, 39000, 25013714, 0.3734, 35699.8779, 4109.9890
FIFO, 40000, 25013714, 0.3703, 35395.3735, 4105.5836
FIFO, 41000, 25013714, 0.3673, 35110.5286, 4102.9476
FIFO, 42000, 25013714, 0.3634, 34733.8899, 4092.0501
FIFO, 43000, 25013714, 0.3581, 34223.1649, 4069.0848
FIFO, 44000, 25013714, 0.3490, 33355.0320, 4013.9529
FIFO, 45000, 25013714, 0.3188, 30450.2790, 3775.5251
FIFO, 46000, 25013714, 0.3049, 29094.1607, 3676.4745
FIFO, 47000, 25013714, 0.3021, 28827.3864, 3675.4648
FIFO, 48000, 25013714, 0.3008, 28703.6905, 3687.3321
FIFO, 49000, 25013714, 0.2999, 28616.1387, 3702.4525
FIFO, 50000, 25013714, 0.2994, 28570.1752, 3721.3158
FIFO, 51000, 25013714, 0.2992, 28553.6918, 3742.8323
FIFO, 52000, 25013714, 0.2990, 28536.1331, 3764.2520
FIFO, 53000, 25013714, 0.2988, 28514.6821, 3785.3214
FIFO, 54000, 25013714, 0.2986, 28492.8420, 3806.3558
FIFO, 55000, 25013714, 0.2984, 28479.1885, 3828.1270
FIFO, 56000, 25013714, 0.2983, 28470.0565, 3850.3051
FIFO, 57000, 25013714, 0.2982, 28459.1995, 3872.3280
FIFO, 58000, 25013714, 0.2981, 28446.3337, 3894.1700
FIFO, 59000, 25013714, 0.2979, 28433.5780, 3916.0220
FIFO, 60000, 25013714, 0.2977, 28410.8292, 3936.9746
LRU, 30000, 25013714, 0.3792, 36238.4654, 3951.4619
LRU, 31000, 25013714, 0.3779, 36110.5998, 3962.9540
LRU, 32000, 25013714, 0.3762, 35952.1180, 3971.6906
LRU, 33000, 25013714, 0.3745, 35781.9661, 3979.3770
LRU, 34000, 25013714, 0.3737, 35704.2161, 3995.3795
LRU, 35000, 25013714, 0.3730, 35642.9101, 4012.8619
LRU, 36000, 25013714, 0.3720, 35541.1638, 4026.7047
LRU, 37000, 25013714, 0.3708, 35425.7166, 4039.3145
LRU, 38000, 25013714, 0.3680, 35162.2575, 4038.6032
LRU, 39000, 25013714, 0.3654, 34904.4943, 4038.4045
LRU, 40000, 25013714, 0.3630, 34679.1396, 4041.1226
LRU, 41000, 25013714, 0.3610, 34493.5777, 4047.4220
LRU, 42000, 25013714, 0.3586, 34264.7677, 4049.8291
LRU, 43000, 25013714, 0.3555, 33964.8386, 4045.8355
LRU, 44000, 25013714, 0.3502, 33456.7689, 4023.1092
LRU, 45000, 25013714, 0.3359, 32064.3579, 3920.7922
LRU, 46000, 25013714, 0.3188, 30396.2484, 3793.6624
LRU, 47000, 25013714, 0.3126, 29798.4432, 3762.8599
LRU, 48000, 25013714, 0.3106, 29615.1397, 3769.3626
LRU, 49000, 25013714, 0.3088, 29445.7621, 3777.1186
LRU, 50000, 25013714, 0.3075, 29323.6688, 3789.1302
LRU, 51000, 25013714, 0.3054, 29128.1434, 3794.5329
LRU, 52000, 25013714, 0.3028, 28889.3140, 3796.0383
LRU, 53000, 25013714, 0.3007, 28696.1061, 3801.6495
LRU, 54000, 25013714, 0.2999, 28613.1989, 3817.1879
LRU, 55000, 25013714, 0.2993, 28562.1589, 3835.5943
LRU, 56000, 25013714, 0.2989, 28520.4957, 3854.8446
LRU, 57000, 25013714, 0.2986, 28497.7281, 3875.7955
LRU, 58000, 25013714, 0.2982, 28460.9965, 3895.4897
LRU, 59000, 25013714, 0.2972, 28361.8843, 3909.5696
LRU, 60000, 25013714, 0.2971, 28353.5751, 3931.8218
Clock, 30000, 25013714, 0.3607, 34435.9371, 3789.2343
Clock, 31000, 25013714, 0.3591, 34289.1879, 3799.0269
Clock, 32000, 25013714, 0.3582, 34207.4930, 3814.6744
Clock, 33000, 25013714, 0.3575, 34138.6082, 3831.4747
Clock, 34000, 25013714, 0.3569, 34084.0529, 3849.5648
Clock, 35000, 25013714, 0.3565, 34041.9989, 3868.7799
Clock, 36000, 25013714, 0.3561, 34003.8025, 3888.3422
Clock, 37000, 25013714, 0.3553, 33924.5410, 3904.2087
Clock, 38000, 25013714, 0.3541, 33818.4340, 3917.6591
Clock, 39000, 25013714, 0.3519, 33608.3895, 3921.7551
Clock, 40000, 25013714, 0.3503, 33458.2004, 3931.2380
Clock, 41000, 25013714, 0.3489, 33317.4208, 3941.5679
Clock, 42000, 25013714, 0.3463, 33078.2440, 3943.0420
Clock, 43000, 25013714, 0.3433, 32782.7747, 3939.4497
Clock, 44000, 25013714, 0.3393, 32396.0382, 3927.6434
Clock, 45000, 25013714, 0.3324, 31727.0934, 3890.4384
Clock, 46000, 25013714, 0.3187, 30394.1828, 3793.4765
Clock, 47000, 25013714, 0.3127, 29816.5159, 3764.4864
Clock, 48000, 25013714, 0.3110, 29653.3400, 3772.8006
Clock, 49000, 25013714, 0.3091, 29473.8408, 3779.6457
Clock, 50000, 25013714, 0.3078, 29352.6474, 3791.7383
Clock, 51000, 25013714, 0.3060, 29183.7780, 3799.5400
Clock, 52000, 25013714, 0.3035, 28951.9697, 3801.6773
Clock, 53000, 25013714, 0.3011, 28731.0989, 3804.7989
Clock, 54000, 25013714, 0.2999, 28613.8467, 3817.2462
Clock, 55000, 25013714, 0.2993, 28562.3670, 3835.6130
Clock, 56000, 25013714, 0.2989, 28520.5249, 3854.8472
Clock, 57000, 25013714, 0.2986, 28498.0333, 3875.8230
Clock, 58000, 25013714, 0.2982, 28461.3369, 3895.5203
Clock, 59000, 25013714, 0.2972, 28362.0222, 3909.5820
Clock, 60000, 25013714, 0.2971, 28353.6353, 3931.8272
LFU, 30000, 25013714, 0.3597, 34343.2622, 3780.8936
LFU, 31000, 25013714, 0.3587, 34250.6289, 3795.5566
LFU, 32000, 25013714, 0.3581, 34195.1778, 3813.5660
LFU, 33000, 25013714, 0.3577, 34155.6736, 3833.0106
LFU, 34000, 25013714, 0.3572, 34113.9477, 3852.2553
LFU, 35000, 25013714, 0.3569, 34080.4869, 3872.2438
LFU, 36000, 25013714, 0.3566, 34052.7642, 3892.7488
LFU, 37000, 25013714, 0.3558, 33974.9412, 3908.7447
LFU, 38000, 25013714, 0.3546, 33862.2996, 3921.6070
LFU, 39000, 25013714, 0.3522, 33634.2293, 3924.0806
LFU, 40000, 25013714, 0.3505, 33473.0104, 3932.5709
LFU, 41000, 25013714, 0.3489, 33318.1937, 3941.6374
LFU, 42000, 25013714, 0.3463, 33078.2440, 3943.0420
LFU, 43000, 25013714, 0.3433, 32782.7747, 3939.4497
LFU, 44000, 25013714, 0.3393, 32396.0382, 3927.6434
LFU, 45000, 25013714, 0.3324, 31727.0934, 3890.4384
LFU, 46000, 25013714, 0.3187, 30394.1828, 3793.4765
LFU, 47000, 25013714, 0.3127, 29816.5159, 3764.4864
LFU, 48000, 25013714, 0.3110, 29653.3400, 3772.8006
LFU, 49000, 25013714, 0.3091, 29473.8408, 3779.6457
LFU, 50000, 25013714, 0.3078, 29352.6474, 3791.7383
LFU, 51000, 25013714, 0.3060, 29183.7780, 3799.5400
LFU, 52000, 25013714, 0.3035, 28951.9697, 3801.6773
LFU, 53000, 25013714, 0.3011, 28731.0989, 3804.7989
LFU, 54000, 25013714, 0.2999, 28613.8467, 3817.2462
LFU, 55000, 25013714, 0.2993, 28562.3670, 3835.6130
LFU, 56000, 25013714, 0.2989, 28520.5249, 3854.8472
LFU, 57000, 25013714, 0.2986, 28498.0333, 3875.8230
LFU, 58000, 25013714, 0.2982, 28461.3369, 3895.5203
LFU, 59000, 25013714, 0.2972, 28362.0222, 3909.5820
LFU, 60000, 25013714, 0.2971, 28353.6353, 3931.8272
ARC, 30000, 25013714, 0.3597, 34347.1191, 3781.2407
ARC, 31000, 25013714, 0.3588, 34263.1622, 3796.6846
ARC, 32000, 25013714, 0.3582, 34207.4574, 3814.6712
ARC, 33000, 25013714, 0.3578, 34168.5425, 3834.1688
ARC, 34000, 25013714, 0.3574, 34126.7973, 3853.4118
ARC, 35000, 25013714, 0.3570, 34089.4420, 3873.0498
ARC, 36000, 25013714, 0.3567, 34061.3630, 3893.5227
ARC, 37000, 25013714, 0.3558, 33975.7073, 3908.8137
ARC, 38000, 25013714, 0.3546, 33862.5997, 3921.6340
ARC, 39000, 25013714, 0.3522, 33634.3035, 3924.0873
ARC, 40000, 25013714, 0.3505, 33473.0129, 3932.5712
ARC, 41000, 25013714, 0.3489, 33318.1937, 3941.6374
ARC, 42000, 25013714, 0.3463, 33078.2440, 3943.0420
ARC, 43000, 25013714, 0.3433, 32782.7747, 3939.4497
ARC, 44000, 25013714, 0.3393, 32396.0382, 3927.6434
ARC, 45000, 25013714, 0.3324, 31727.0934, 3890.4384
ARC, 46000, 25013714, 0.3187, 30394.1828, 3793.4765
ARC, 47000, 25013714, 0.3127, 29816.5159, 3764.4864
ARC, 48000, 25013714, 0.3110, 29653.3400, 3772.8006
ARC, 49000, 25013714, 0.3091, 29473.8408, 3779.6457
ARC, 50000, 25013714, 0.3078, 29352.6474, 3791.7383
ARC, 51000, 25013714, 0.3060, 29183.7780, 3799.5400
ARC, 52000, 25013714, 0.3035, 28951.9697, 3801.6773
ARC, 53000, 25013714, 0.3011, 28731.0989, 3804.7989
ARC, 54000, 25013714, 0.2999, 28613.8467, 3817.2462
ARC, 55000, 25013714, 0.2993, 28562.3670, 3835.6130
ARC, 56000, 25013714, 0.2989, 28520.5249, 3854.8472
ARC, 57000, 25013714, 0.2986, 28498.0333, 3875.8230
ARC, 58000, 25013714, 0.2982, 28461.3369, 3895.5203
ARC, 59000, 25013714, 0.2972, 28362.0222, 3909.5820
ARC, 60000, 25013714, 0.2971, 28353.6353, 3931.8272
TwoQ, 30000, 25013714, 0.3986, 38130.9895, 4121.7891
TwoQ, 31000, 25013714, 0.3943, 37714.1108, 4107.2700
TwoQ, 32000, 25013714, 0.3916, 37445.3555, 4106.0820
TwoQ, 33000, 25013714, 0.3890, 37197.5694, 4106.7812
TwoQ, 34000, 25013714, 0.3880, 37101.6589, 4121.1493
TwoQ, 35000, 25013714, 0.3855, 36863.8979, 4122.7508
TwoQ, 36000, 25013714, 0.3829, 36608.0775, 4122.7270
TwoQ, 37000, 25013714, 0.3803, 36357.6215, 4123.1859
TwoQ, 38000, 25013714, 0.3771, 36045.9861, 4118.1387
TwoQ, 39000, 25013714, 0.3734, 35699.8779, 4109.9890
TwoQ, 40000, 25013714, 0.3703, 35395.3735, 4105.5836
TwoQ, 41000, 25013714, 0.3673, 35110.5286, 4102.9476
TwoQ, 42000, 25013714, 0.3634, 34733.8899, 4092.0501
TwoQ, 43000, 25013714, 0.3581, 34223.1649, 4069.0848
TwoQ, 44000, 25013714, 0.3490, 33355.0320, 4013.9529
TwoQ, 45000, 25013714, 0.3188, 30450.2790, 3775.5251
TwoQ, 46000, 25013714, 0.3049, 29094.1607, 3676.4745
TwoQ, 47000, 25013714, 0.3021, 28827.3864, 3675.4648
TwoQ, 48000, 25013714, 0.3008, 28703.6905, 3687.3321
TwoQ, 49000, 25013714, 0.2999, 28616.1387, 3702.4525
TwoQ, 50000, 25013714, 0.2994, 28570.1752, 3721.3158
TwoQ, 51000, 25013714, 0.2992, 28553.6918, 3742.8323
TwoQ, 52000, 25013714, 0.2990, 28536.1331, 3764.2520
TwoQ, 53000, 25013714, 0.2988, 28514.6821, 3785.3214
TwoQ, 54000, 25013714, 0.2986, 28492.8420, 3806.3558
TwoQ, 55000, 25013714, 0.2984, 28479.1885, 3828.1270
TwoQ, 56000, 25013714, 0.2983, 28470.0565, 3850.3051
TwoQ, 57000, 25013714, 0.2982, 28459.1995, 3872.3280
TwoQ, 58000, 25013714, 0.2981, 28446.3337, 3894.1700
TwoQ, 59000, 25013714, 0.2979, 28433.5780, 3916.0220
TwoQ, 60000, 25013714, 0.2977, 28410.8292, 3936.9746
Hyperbolic, 30000, 25013714, 0.3569, 34079.3316, 3757.1398
Hyperbolic, 31000, 25013714, 0.3534, 33741.9919, 3749.7793
Hyperbolic, 32000, 25013714, 0.3508, 33488.2366, 3749.9413
Hyperbolic, 33000, 25013714, 0.3487, 33292.7304, 3755.3457
Hyperbolic, 34000, 25013714, 0.3470, 33126.2139, 3763.3593
Hyperbolic, 35000, 25013714, 0.3454, 32969.1610, 3772.2245
Hyperbolic, 36000, 25013714, 0.3438, 32818.0938, 3781.6284
Hyperbolic, 37000, 25013714, 0.3423, 32673.1585, 3791.5843
Hyperbolic, 38000, 25013714, 0.3408, 32530.3388, 3801.7305
Hyperbolic, 39000, 25013714, 0.3393, 32391.4880, 3812.2339
Hyperbolic, 40000, 25013714, 0.3378, 32251.5530, 3822.6398
Hyperbolic, 41000, 25013714, 0.3363, 32104.4683, 3832.4021
Hyperbolic, 42000, 25013714, 0.3345, 31937.3900, 3840.3651
Hyperbolic, 43000, 25013714, 0.3324, 31730.7502, 3844.7675
Hyperbolic, 44000, 25013714, 0.3293, 31437.3142, 3841.3583
Hyperbolic, 45000, 25013714, 0.3247, 30992.9585, 3824.3663
Hyperbolic, 46000, 25013714, 0.3196, 30497.2196, 3802.7498
Hyperbolic, 47000, 25013714, 0.3128, 29838.7199, 3766.4848
Hyperbolic, 48000, 25013714, 0.3107, 29632.4149, 3770.9173
Hyperbolic, 49000, 25013714, 0.3092, 29484.1861, 3780.5768
Hyperbolic, 50000, 25013714, 0.3079, 29364.4100, 3792.7969
Hyperbolic, 51000, 25013714, 0.3066, 29245.9566, 3805.1361
Hyperbolic, 52000, 25013714, 0.3051, 29106.2579, 3815.5632
Hyperbolic, 53000, 25013714, 0.3034, 28945.3660, 3824.0829
Hyperbolic, 54000, 25013714, 0.3017, 28782.2324, 3832.4009
Hyperbolic, 55000, 25013714, 0.3002, 28646.5598, 3843.1904
Hyperbolic, 56000, 25013714, 0.2993, 28557.0867, 3858.1378
Hyperbolic, 57000, 25013714, 0.2986, 28495.5321, 3875.5979
Hyperbolic, 58000, 25013714, 0.2980, 28438.5314, 3893.4678
Hyperbolic, 59000, 25013714, 0.2972, 28361.0171, 3909.4915
Hyperbolic, 60000, 25013714, 0.2971, 28352.1982, 3931.6978
LHD, 30000, 25013714, 0.3817, 36557.6686, 3980.1902
LHD, 31000, 25013714, 0.3750, 35907.7776, 3944.7000
LHD, 32000, 25013714, 0.3685, 35271.9559, 3910.4760
LHD, 33000, 25013714, 0.3634, 34783.5835, 3889.5225
LHD, 34000, 25013714, 0.3581, 34265.8837, 3865.9295
LHD, 35000, 25013714, 0.3550, 33964.8297, 3861.8347
LHD, 36000, 25013714, 0.3513, 33608.9300, 3852.8037
LHD, 37000, 25013714, 0.3472, 33209.1744, 3839.8257
LHD, 38000, 25013714, 0.3435, 32855.7439, 3831.0170
LHD, 39000, 25013714, 0.3395, 32462.4430, 3818.6199
LHD, 40000, 25013714, 0.3345, 31981.6265, 3798.3464
LHD, 41000, 25013714, 0.3310, 31643.4070, 3790.9066
LHD, 42000, 25013714, 0.3258, 31143.7491, 3768.9374
LHD, 43000, 25013714, 0.3224, 30811.7588, 3762.0583
LHD, 44000, 25013714, 0.3184, 30423.6281, 3750.1265
LHD, 45000, 25013714, 0.3137, 29965.3465, 3731.8812
LHD, 46000, 25013714, 0.3102, 29625.2102, 3724.2689
LHD, 47000, 25013714, 0.3070, 29319.0361, 3719.7132
LHD, 48000, 25013714, 0.3053, 29149.2075, 3727.4287
LHD, 49000, 25013714, 0.3042, 29044.4455, 3741.0001
LHD, 50000, 25013714, 0.3032, 28950.5743, 3755.5517
LHD, 51000, 25013714, 0.3025, 28878.4478, 3772.0603
LHD, 52000, 25013714, 0.3015, 28783.2142, 3786.4893
LHD, 53000, 25013714, 0.3008, 28714.8574, 3803.3372
LHD, 54000, 25013714, 0.3003, 28664.5748, 3821.8117
LHD, 55000, 25013714, 0.2997, 28611.1073, 3839.9997
LHD, 56000, 25013714, 0.2992, 28560.0147, 3858.4013
LHD, 57000, 25013714, 0.2986, 28503.4829, 3876.3135
LHD, 58000, 25013714, 0.2982, 28459.4263, 3895.3484
LHD, 59000, 25013714, 0.2977, 28415.2393, 3914.3715
LHD, 60000, 25013714, 0.2975, 28392.9065, 3935.3616
