FIFO, 1000, 2653285, 0.1365, 660.6694, 82.4602
FIFO, 1100, 2653285, 0.1265, 611.0014, 80.2901
FIFO, 1200, 2653285, 0.1160, 560.2620, 78.0236
FIFO, 1300, 2653285, 0.1049, 508.0172, 75.6215
FIFO, 1400, 2653285, 0.0943, 457.0936, 73.3384
FIFO, 1500, 2653285, 0.0845, 410.3136, 71.4282
FIFO, 1600, 2653285, 0.0749, 365.2164, 69.6695
FIFO, 1700, 2653285, 0.0654, 319.8906, 67.8902
FIFO, 1800, 2653285, 0.0563, 276.9572, 66.3261
FIFO, 1900, 2653285, 0.0496, 245.7628, 65.8187
FIFO, 2000, 2653285, 0.0490, 243.6942, 67.9325
LRU, 1000, 2653285, 0.1284, 628.5079, 79.5657
LRU, 1100, 2653285, 0.1190, 569.7252, 76.5753
LRU, 1200, 2653285, 0.1065, 527.3346, 75.0601
LRU, 1300, 2653285, 0.0966, 466.6807, 71.9013
LRU, 1400, 2653285, 0.0867, 429.7233, 70.8751
LRU, 1500, 2653285, 0.0734, 360.4424, 66.9398
LRU, 1600, 2653285, 0.0705, 342.2215, 67.5999
LRU, 1700, 2653285, 0.0611, 282.9040, 64.5614
LRU, 1800, 2653285, 0.0491, 244.1769, 63.3759
LRU, 1900, 2653285, 0.0491, 243.9932, 65.6594
LRU, 2000, 2653285, 0.0490, 243.7712, 67.9394
Clock, 1000, 2653285, 0.0967, 471.0513, 65.3946
Clock, 1100, 2653285, 0.0835, 408.6392, 62.0775
Clock, 1200, 2653285, 0.0705, 347.7492, 58.8974
Clock, 1300, 2653285, 0.0578, 286.3856, 55.6747
Clock, 1400, 2653285, 0.0497, 249.0388, 54.6135
Clock, 1500, 2653285, 0.0493, 245.7134, 56.6142
Clock, 1600, 2653285, 0.0492, 245.3235, 58.8791
Clock, 1700, 2653285, 0.0492, 244.9048, 61.1414
Clock, 1800, 2653285, 0.0491, 244.6957, 63.4226
Clock, 1900, 2653285, 0.0491, 244.4448, 65.7000
Clock, 2000, 2653285, 0.0491, 244.2691, 67.9842
LFU, 1000, 2653285, 0.6758, 3737.6430, 359.3879
LFU, 1100, 2653285, 0.6411, 3563.5072, 346.0156
LFU, 1200, 2653285, 0.6106, 3396.3263, 333.2694
LFU, 1300, 2653285, 0.5799, 3226.7515, 320.3076
LFU, 1400, 2653285, 0.5490, 3055.6072, 307.2047
LFU, 1500, 2653285, 0.5184, 2886.3319, 294.2699
LFU, 1600, 2653285, 0.4889, 2720.7161, 281.6644
LFU, 1700, 2653285, 0.4615, 2563.0821, 269.7774
LFU, 1800, 2653285, 0.4290, 2397.9243, 257.2132
LFU, 1900, 2653285, 0.3962, 2225.0046, 243.9504
LFU, 2000, 2653285, 0.3650, 2059.7714, 231.3794
ARC, 1000, 2653285, 0.4226, 2502.2382, 248.2014
ARC, 1100, 2653285, 0.4067, 2409.3249, 242.1392
ARC, 1200, 2653285, 0.3892, 2303.2761, 234.8948
ARC, 1300, 2653285, 0.3716, 2200.3627, 227.9326
ARC, 1400, 2653285, 0.3548, 2099.3860, 221.1447
ARC, 1500, 2653285, 0.3385, 2002.7567, 214.7481
ARC, 1600, 2653285, 0.3226, 1904.1519, 208.1737
ARC, 1700, 2653285, 0.3062, 1802.9907, 201.3692
ARC, 1800, 2653285, 0.2903, 1707.2615, 195.0535
ARC, 1900, 2653285, 0.2750, 1615.4397, 189.0896
ARC, 2000, 2653285, 0.2574, 1508.2556, 181.7430
TwoQ, 1000, 2653285, 0.1446, 701.3121, 86.1181
TwoQ, 1100, 2653285, 0.1352, 653.9976, 84.1598
TwoQ, 1200, 2653285, 0.1254, 605.0217, 82.0520
TwoQ, 1300, 2653285, 0.1145, 552.2602, 79.6034
TwoQ, 1400, 2653285, 0.1020, 492.6135, 76.5352
TwoQ, 1500, 2653285, 0.0899, 436.5171, 73.7865
TwoQ, 1600, 2653285, 0.0784, 383.0937, 71.2784
TwoQ, 1700, 2653285, 0.0672, 329.6207, 68.7659
TwoQ, 1800, 2653285, 0.0570, 280.8809, 66.6793
TwoQ, 1900, 2653285, 0.0496, 245.8038, 65.8223
TwoQ, 2000, 2653285, 0.0490, 243.6942, 67.9325
Hyperbolic, 1000, 2653285, 0.0852, 410.4880, 59.9439
Hyperbolic, 1100, 2653285, 0.0662, 316.3029, 53.7673
Hyperbolic, 1200, 2653285, 0.0594, 285.6402, 53.3076
Hyperbolic, 1300, 2653285, 0.0545, 264.2121, 53.6791
Hyperbolic, 1400, 2653285, 0.0516, 252.9380, 54.9644
Hyperbolic, 1500, 2653285, 0.0501, 248.1821, 56.8364
Hyperbolic, 1600, 2653285, 0.0495, 246.3197, 58.9688
Hyperbolic, 1700, 2653285, 0.0493, 245.6663, 61.2100
Hyperbolic, 1800, 2653285, 0.0492, 245.4075, 63.4867
Hyperbolic, 1900, 2653285, 0.0492, 245.2558, 65.7730
Hyperbolic, 2000, 2653285, 0.0492, 245.0650, 68.0558
LHD, 1000, 2653285, 0.0808, 416.8441, 60.5160
LHD, 1100, 2653285, 0.0771, 390.6784, 60.4611
LHD, 1200, 2653285, 0.0743, 372.3378, 61.1104
LHD, 1300, 2653285, 0.0718, 357.8126, 62.1031
LHD, 1400, 2653285, 0.0696, 345.4619, 63.2916
LHD, 1500, 2653285, 0.0676, 338.2201, 64.9398
LHD, 1600, 2653285, 0.0656, 327.5806, 66.2823
LHD, 1700, 2653285, 0.0636, 317.4460, 67.6701
LHD, 1800, 2653285, 0.0617, 308.4705, 69.1623
LHD, 1900, 2653285, 0.0599, 300.5282, 70.7475
LHD, 2000, 2653285, 0.0579, 291.4526, 72.2307
