cache_eviction_policy,cache_size,gib_missed,cost
FIFO,3000,1624.1119,215.170071
FIFO,3100,1551.0908,210.898172
FIFO,3200,1476.2237,206.46013299999998
FIFO,3300,1390.1635,201.01471500000002
FIFO,3400,1292.3247,194.509223
FIFO,3500,1196.3451,188.171059
FIFO,3600,1105.6989,182.312901
FIFO,3700,1019.1842,176.82657799999998
FIFO,3800,946.5238,172.58714199999997
FIFO,3900,886.2077,169.458693
FIFO,4000,836.2705,167.264345
FIFO,4100,803.4023,166.60620699999998
FIFO,4200,788.518,167.56662
FIFO,4300,787.4713,169.772417
FIFO,4400,787.4713,172.072417
FIFO,4500,787.4713,174.37241699999998
LRU,3000,1311.7909,187.06118099999998
LRU,3100,1238.252,182.74268
LRU,3200,1164.7651,178.428859
LRU,3300,1094.5887,174.412983
LRU,3400,1029.2183,170.829647
LRU,3500,973.1683,168.085147
LRU,3600,921.6598,165.749382
LRU,3700,880.5661,164.35094899999999
LRU,3800,848.2607,163.743463
LRU,3900,822.6763,163.74086699999998
LRU,4000,804.2657,164.383913
LRU,4100,792.7621,165.64858900000002
LRU,4200,787.7464,167.497176
LRU,4300,787.4713,169.772417
LRU,4400,787.4713,172.072417
LRU,4500,787.4713,174.37241699999998
Clock,3000,1255.5561,182.000049
Clock,3100,1188.5917,178.27325299999998
Clock,3200,1128.4987,175.164883
Clock,3300,1071.6384,172.34745600000002
Clock,3400,1012.7467,169.347203
Clock,3500,962.3941,167.115469
Clock,3600,915.5793,165.202137
Clock,3700,877.6992,164.09292799999997
Clock,3800,846.8405,163.61564499999997
Clock,3900,822.8743,163.758687
Clock,4000,805.1036,164.45932399999998
Clock,4100,792.9761,165.667849
Clock,4200,787.7664,167.49897599999997
Clock,4300,787.4713,169.772417
Clock,4400,787.4713,172.072417
Clock,4500,787.4713,174.37241699999998
LFU,3000,1235.0269,180.152421
LFU,3100,1181.7213,177.65491699999998
LFU,3200,1126.6268,174.996412
LFU,3300,1071.6384,172.34745600000002
LFU,3400,1012.7467,169.347203
LFU,3500,962.3941,167.115469
LFU,3600,915.5793,165.202137
LFU,3700,877.6992,164.09292799999997
LFU,3800,846.8405,163.61564499999997
LFU,3900,822.8743,163.758687
LFU,4000,805.1036,164.45932399999998
LFU,4100,792.9761,165.667849
LFU,4200,787.7664,167.49897599999997
LFU,4300,787.4713,169.772417
LFU,4400,787.4713,172.072417
LFU,4500,787.4713,174.37241699999998
ARC,3000,1232.1056,179.889504
ARC,3100,1180.8267,177.57440300000002
ARC,3200,1126.5131,174.986179
ARC,3300,1071.6384,172.34745600000002
ARC,3400,1012.7467,169.347203
ARC,3500,962.3941,167.115469
ARC,3600,915.5793,165.202137
ARC,3700,877.6992,164.09292799999997
ARC,3800,846.8405,163.61564499999997
ARC,3900,822.8743,163.758687
ARC,4000,805.1036,164.45932399999998
ARC,4100,792.9761,165.667849
ARC,4200,787.7664,167.49897599999997
ARC,4300,787.4713,169.772417
ARC,4400,787.4713,172.072417
ARC,4500,787.4713,174.37241699999998
TwoQ,3000,1624.1119,215.170071
TwoQ,3100,1551.0908,210.898172
TwoQ,3200,1476.2237,206.46013299999998
TwoQ,3300,1390.1635,201.01471500000002
TwoQ,3400,1292.3247,194.509223
TwoQ,3500,1196.3451,188.171059
TwoQ,3600,1105.6989,182.312901
TwoQ,3700,1019.1842,176.82657799999998
TwoQ,3800,946.5238,172.58714199999997
TwoQ,3900,886.2077,169.458693
TwoQ,4000,836.2705,167.264345
TwoQ,4100,803.4023,166.60620699999998
TwoQ,4200,788.518,167.56662
TwoQ,4300,787.4713,169.772417
TwoQ,4400,787.4713,172.072417
TwoQ,4500,787.4713,174.37241699999998
Hyperbolic,3000,1274.0597,183.665373
Hyperbolic,3100,1209.9729,180.197561
Hyperbolic,3200,1148.2516,176.942644
Hyperbolic,3300,1087.7958,173.801622
Hyperbolic,3400,1027.7614,170.69852600000002
Hyperbolic,3500,970.6916,167.86224399999998
Hyperbolic,3600,920.555,165.64995
Hyperbolic,3700,879.4155,164.24739499999998
Hyperbolic,3800,847.4847,163.673623
Hyperbolic,3900,822.7948,163.751532
Hyperbolic,4000,804.917,164.44253
Hyperbolic,4100,793.0542,165.67487799999998
Hyperbolic,4200,787.8169,167.50352099999998
Hyperbolic,4300,787.4713,169.772417
Hyperbolic,4400,787.4713,172.072417
Hyperbolic,4500,787.4713,174.37241699999998
