cache_eviction_policy,cache_size,gib_missed,cost
FIFO,10,10717.5171,964.8065389999999
FIFO,20,10234.6602,921.579418
FIFO,30,9673.9977,871.349793
FIFO,40,4569.8403,412.205627
FIFO,50,2716.1777,245.605993
FIFO,60,2556.1755,231.43579499999998
FIFO,70,2556.1755,231.665795
FIFO,80,2556.1755,231.895795
FIFO,90,2556.1755,232.12579499999998
FIFO,100,2556.1755,232.355795
FIFO,110,2556.1755,232.585795
FIFO,120,2556.1755,232.81579499999998
FIFO,130,2556.1755,233.045795
FIFO,140,2556.1755,233.275795
FIFO,150,2556.1755,233.50579499999998
FIFO,160,2556.1755,233.735795
FIFO,170,2556.1755,233.96579499999999
FIFO,180,2556.1755,234.19579499999998
FIFO,190,2556.1755,234.425795
FIFO,200,2556.1755,234.65579499999998
LRU,10,11100.3099,999.257891
LRU,20,10452.369,941.17321
LRU,30,10012.77,901.8393000000001
LRU,40,5260.6749,474.380741
LRU,50,2847.9718,257.46746199999995
LRU,60,2556.1755,231.43579499999998
LRU,70,2556.1755,231.665795
LRU,80,2556.1755,231.895795
LRU,90,2556.1755,232.12579499999998
LRU,100,2556.1755,232.355795
LRU,110,2556.1755,232.585795
LRU,120,2556.1755,232.81579499999998
LRU,130,2556.1755,233.045795
LRU,140,2556.1755,233.275795
LRU,150,2556.1755,233.50579499999998
LRU,160,2556.1755,233.735795
LRU,170,2556.1755,233.96579499999999
LRU,180,2556.1755,234.19579499999998
LRU,190,2556.1755,234.425795
LRU,200,2556.1794,234.65614599999998
Clock,10,11289.8584,1016.3172559999999
Clock,20,10700.6497,963.518473
Clock,30,10180.6445,916.9480050000001
Clock,40,5434.393,490.01537
Clock,50,3524.2824,318.33541599999995
Clock,60,3729.5134,337.036206
Clock,70,3452.5766,312.34189399999997
Clock,80,3364.8294,304.674646
Clock,90,3079.1243,279.19118699999996
Clock,100,3030.5641,275.050769
Clock,110,2815.9227,255.963043
Clock,120,3024.3581,274.952229
Clock,130,2912.8713,265.148417
Clock,140,2876.4946,262.104514
Clock,150,2559.8337,233.83503299999998
Clock,160,2880.02,262.8818
Clock,170,2883.1199,263.39079100000004
Clock,180,2787.4039,255.00635099999997
Clock,190,2782.362,254.78258
Clock,200,2601.0436,238.69392399999998
LFU,10,12889.2835,1160.2655149999998
LFU,20,12889.2836,1160.4955240000002
LFU,30,12889.3073,1160.7276570000001
LFU,40,12889.3104,1160.957936
LFU,50,12889.3104,1161.187936
LFU,60,12889.3104,1161.417936
LFU,70,12889.3104,1161.6479359999998
LFU,80,12889.3104,1161.8779359999999
LFU,90,12889.3104,1162.1079359999999
LFU,100,12889.3255,1162.339295
LFU,110,12889.2988,1162.566892
LFU,120,12889.3104,1162.797936
LFU,130,12889.3105,1163.0279449999998
LFU,140,12889.3105,1163.2579449999998
LFU,150,12889.3992,1163.495928
LFU,160,12889.3098,1163.7178820000001
LFU,170,12889.3104,1163.947936
LFU,180,12889.3106,1164.1779540000002
LFU,190,12889.3631,1164.4126789999998
LFU,200,12889.2987,1164.636883
ARC,10,12269.51,1104.4859
ARC,20,11311.3532,1018.4817879999999
ARC,30,10648.0271,959.012439
ARC,40,6899.2534,621.8528059999999
ARC,50,5296.6193,477.845737
ARC,60,5112.214,461.47925999999995
ARC,70,5112.4961,461.73464900000005
ARC,80,5112.4608,461.96147199999996
ARC,90,5112.3893,462.18503699999997
ARC,100,5112.3604,462.41243599999996
ARC,110,5112.2726,462.634534
ARC,120,5112.2073,462.858657
ARC,130,5112.1543,463.083887
ARC,140,5112.0822,463.307398
ARC,150,5111.9681,463.527129
ARC,160,5111.9038,463.751342
ARC,170,5111.841,463.97569000000004
ARC,180,5111.7362,464.196258
ARC,190,5111.6697,464.420273
ARC,200,5111.6215,464.645935
TwoQ,10,11345.5018,1021.325162
TwoQ,20,10617.6137,956.0452329999999
TwoQ,30,10169.8614,915.977526
TwoQ,40,9193.7593,828.3583369999999
TwoQ,50,6192.1042,558.4393779999999
TwoQ,60,2556.1755,231.43579499999998
TwoQ,70,2556.1755,231.665795
TwoQ,80,2556.1755,231.895795
TwoQ,90,2556.1755,232.12579499999998
TwoQ,100,2556.1755,232.355795
TwoQ,110,2556.1755,232.585795
TwoQ,120,2556.1755,232.81579499999998
TwoQ,130,2556.1755,233.045795
TwoQ,140,2556.176,233.27584
TwoQ,150,2556.176,233.50583999999998
TwoQ,160,2556.176,233.73584
TwoQ,170,2556.176,233.96584
TwoQ,180,2556.176,234.19583999999998
TwoQ,190,2556.176,234.42584
TwoQ,200,2556.176,234.65583999999998
Hyperbolic,10,11204.4369,1008.629321
Hyperbolic,20,10322.6594,929.4993460000001
Hyperbolic,30,9243.0522,832.564698
Hyperbolic,40,6490.7556,585.088004
Hyperbolic,50,3961.1201,357.650809
Hyperbolic,60,2672.6444,241.917996
Hyperbolic,70,2571.22,233.01979999999998
Hyperbolic,80,2563.3398,232.540582
Hyperbolic,90,2560.3894,232.505046
Hyperbolic,100,2557.8998,232.510982
Hyperbolic,110,2556.6495,232.628455
Hyperbolic,120,2556.362,232.83257999999998
Hyperbolic,130,2556.1755,233.045795
Hyperbolic,140,2556.1755,233.275795
Hyperbolic,150,2556.1755,233.50579499999998
Hyperbolic,160,2556.1755,233.735795
Hyperbolic,170,2556.1755,233.96579499999999
Hyperbolic,180,2556.1755,234.19579499999998
Hyperbolic,190,2556.1755,234.425795
Hyperbolic,200,2556.1794,234.65614599999998
LHD,10,10745.3937,967.315433
LHD,20,7753.4229,698.268061
LHD,30,5684.2167,512.269503
LHD,40,3503.2216,316.209944
LHD,50,2686.8691,242.96821899999998
LHD,60,2576.9615,233.30653499999997
LHD,70,2561.7144,232.16429599999998
LHD,80,2558.0964,232.06867599999998
LHD,90,2556.9593,232.19633699999997
LHD,100,2556.5465,232.389185
LHD,110,2556.3356,232.600204
LHD,120,2556.2809,232.825281
LHD,130,2556.2536,233.05282400000002
LHD,140,2556.2184,233.27965600000002
LHD,150,2556.2262,233.510358
LHD,160,2556.1715,233.735435
LHD,170,2556.1953,233.96757699999998
LHD,180,2556.2145,234.19930499999998
LHD,190,2556.2184,234.42965600000002
LHD,200,2556.1716,234.655444
